input_0,input_1,input_2,output_0,output_1,output_2
-0.010598723806167526,-1.8183173466289544,1.3952571196625034,-0.022111318101449423,1.4631844443494304,-1.2784111966150957
-1.468875831810569,0.9183875793472512,0.9652291778916622,-2.7659530892044564,0.6339898125892908,3.571977913962251
-1.7069133527548248,1.4560773593916965,0.0650921853146183,-3.2816110097920026,-0.3250755593189494,4.576151175493074
0.15547130971685413,-0.3887268270682661,-0.3381604046059499,0.2917121685192906,-0.3158501979748876,-0.6470180520762547
0.4737272049542975,-1.9075010989613537,0.5724373265949685,0.9205821538469675,0.7028886665764963,-2.458918424004016
-1.163753443136343,0.975438272943688,-0.047603866565479734,-2.232414243979704,-0.310452424210015,3.100827419970156
0.980881936870135,-2.069114659687486,-1.2291805062806374,1.8683853888889945,-1.0877099112712658,-3.642509735316893
-0.3892769218795323,-1.9907847150567382,-1.619010829921464,-0.7781214355699467,-1.817130358535699,-0.8483072767395852
0.6312986111889309,0.4817968746509687,0.7452420675341674,1.1631385384465835,0.9430575230047507,-0.9071210868635426
2.2843066710833493,-2.076176986453615,-0.25768687443275723,4.328328569884541,0.29429717044602877,-6.314222455159793
1.0087357001752717,-1.4884281816771816,-1.717321814162057,1.8891690610737824,-1.5278147060550051,-3.235931595483663
-0.46212664853301866,-0.6215589082676807,-0.2662686121387333,-0.8975576723717693,-0.3887858010480579,0.41267931766399235
-0.6752620225919279,0.711690381251401,0.09317212736812207,-1.2816243175786923,-0.04674541032161838,1.898805438403799
0.037467528201091796,-0.55575279661112,-0.1927757613788273,0.06579200476125838,-0.19722019549189387,-0.5449150645417595
0.0752108429374936,-3.392385842771277,0.42787295406298437,0.08896779451962168,0.5347794241949005,-2.6632923849129857
-0.18405640997313288,-0.09601481440755229,0.5225568447629703,-0.359488083027877,0.5044266048991592,0.25808453422655164
-0.23739307957403122,0.7193715005751522,-0.009303267269451628,-0.44207353762523566,-0.04641957376530348,1.0403723366547057
1.2201755304330426,-0.8312428161186433,1.2545949624117745,2.3127664528251004,1.63128158008172,-3.171257868186288
0.7615956421266443,0.09605677704952847,0.4192190428695122,1.4108020375833041,0.6287172947210444,-1.4864821641811539
-0.14026380941961347,0.29910195649930377,0.25076874665114157,-0.2679015603433795,0.23748624504547544,0.49203205006298223
1.3476003177762996,0.02539748683852467,-0.8178247960754143,2.4809250507943212,-0.4843114552493676,-2.6560895233920725
1.047048542131316,-0.27438063147093045,1.768488436830271,1.9634064730382483,2.1365835574488155,-2.3342672686706387
0.3164399918177936,-1.8552395819423175,-1.7094279062538533,0.5876444401981421,-1.7367409370151208,-2.177949499102725
1.0091408393714567,-1.2482148410954723,0.4354050421214382,1.9335772012725778,0.6951823666461813,-3.0894764601480165
-0.23012243408276656,-1.2107293109141135,-0.0875083776974981,-0.4558721426613979,-0.1619202148853818,-0.5122565477499729
0.9472368458184381,0.8933427589031151,-0.7152861651122657,1.744744651738212,-0.4631433272133647,-1.1061564796626295
0.0633783702765182,-1.014713622776564,1.005347337035519,0.10757815716045196,1.067688574106724,-0.9206657388751912
0.5151513007887397,-2.460435977424953,0.6219143712674591,1.009924897549162,0.7723836639168667,-2.944268494285912
1.7840165690387524,0.4684739200376015,0.6623219973218126,3.258490856628551,1.1753119695459329,-3.271601330742747
0.33224344449173476,0.2826089289813337,1.609175475885219,0.6157301045329603,1.7681640738021491,-0.4691252168575012
-0.016555077230944196,-0.661145775471942,-0.874980416648808,-0.03918684650767665,-0.9126219464324926,-0.5200320518040499
-0.18058468232689656,1.1330067220044988,-0.9604535218269245,-0.3428266930289389,-1.0041490599045724,1.337405280241759
0.33920365452150614,-1.6789353626426573,0.314993447685907,0.6527353247078742,0.3919572610009021,-2.022032853732183
-1.0424373795285768,-0.4526316586195184,-0.23202977037228067,-2.018563334262759,-0.48435277754289946,1.7164614366984023
0.07159833632820516,0.2749377595665961,0.75152632307835,0.12431406977681557,0.808798421311229,0.040942746828735645
-0.5148180758164568,-1.1808062172282094,-1.354643414721897,-1.0105647200831145,-1.5305859721748485,0.06449881907155836
-0.6601404612850659,0.4172199384639687,-0.7368693021110135,-1.2755459852930804,-0.9112770071864912,1.6801398477467615
-0.8584949952146225,0.697838067384221,-0.4580860629137561,-1.6521474330295944,-0.6678683747220653,2.29244292276993
-0.22073903795915045,0.049464618017637275,0.6138177661404012,-0.4273719749009455,0.5928606891178008,0.4438224431313387
-1.4860705172467352,2.473774683165763,-0.022005023267710012,-2.887286006910117,-0.31251919172606596,5.0571885318919145
0.7126693893750385,-2.0737683673323732,0.08567163348117154,1.3906404843060984,0.23546170521475976,-3.111445348026251
-0.2601097199346411,-0.5394215341989111,2.0394330687744757,-0.4801870604877315,2.07526797848762,0.11316344453037067
-0.044838011733072024,0.9817145711947229,-0.7251864389730439,-0.07817453221261333,-0.7289407026061305,0.9187754942727171
0.48417441008537304,1.0693788621205282,-1.3487057526129604,0.9008741537080946,-1.218417747727464,0.001437681532863954
0.586168578209216,0.035717707879639765,-0.9136090467351334,1.0951227025212018,-0.7804666184897817,-1.1401078344894737
-1.4550342251686068,1.0541199295931931,-0.7054247785211711,-2.8296630951203103,-1.0693384335470555,3.8129747163977945
-0.2601179759038374,-1.0082230769878489,-0.7695136758573117,-0.5115813591810396,-0.869167843531609,-0.3088236635920298
-0.7063965008668283,1.853503726640959,0.5139810283386071,-1.3123400108040928,0.4152268286526072,2.9331237022070566
0.723711794359247,-1.1209184704276312,1.4590234711877348,1.3805457060663202,1.7226801660976343,-2.3298905370205785
1.3461574979518964,-2.3276716354154834,0.7303739318176777,2.642462740167623,1.1028330330801663,-4.61229346527504
-1.6746282947284858,0.5989142849515476,-0.13797095676295965,-3.2201925566335974,-0.5368810438086438,3.8096076606952614
0.4122572092417323,0.8881673800540557,0.19319249980908673,0.7693200794719663,0.3255635964139518,-0.10933911389571654
0.07952870773028216,-1.1619385783114187,0.9967072143189468,0.14006559318320486,1.0619281952724418,-1.059764476808639
0.3160319273409174,1.5271556607611267,0.33559804199032783,0.6070307063521093,0.47641335210901387,0.6257362085470348
0.12588847830673905,1.206344149679544,-1.7430943046496339,0.21129473996888629,-1.717723093616191,0.8721717193547076
-0.032086152578505715,0.33943394740207133,0.31006096462779104,-0.0640681790690318,0.32547108885362597,0.30828739816025064
1.0514147228939088,-0.353601721229407,-0.4514394401470326,1.9629197361790087,-0.2068592308323743,-2.4168803429711945
1.9763856377911269,-1.9376693180488098,-0.9838161449491466,3.7222218655540624,-0.5529822523857737,-5.498475437330561
0.0072648877440501525,-0.33617198477968396,-0.18377707243026198,0.008841234070568714,-0.19053303684946596,-0.3073687311644014
0.8840206787955363,-0.4971804328533342,-0.11565874992795969,1.6603975471724106,0.09128994810631648,-2.213656332240323
0.4334501489441545,0.14346335096556892,0.10268031075560241,0.8067272449050975,0.21812073218546357,-0.7765919211336836
-0.5437355453440508,0.10903548870147667,-0.5117983437730972,-1.0472092409377871,-0.6519774093289545,1.1748211631055054
1.7799447396357462,-3.5296539556694766,1.8952008571893106,3.4294344211399617,2.5920595377786344,-6.117778736896921
-0.5044688736572718,-0.7504583586088833,0.2912080307152109,-0.9816534063299376,0.17788030865843457,0.4004435433825706
-0.5910353947758954,0.44804460847412925,-0.5369100683447016,-1.1352413401382355,-0.6859092751743746,1.552126728973458
1.2661994693437584,-2.1786974144008004,0.10236607327784836,2.470294991369723,0.39737762380768926,-4.346029401190124
1.577384422878254,-2.57689087494515,-0.5316823027725879,3.0506065105408893,-0.20146146164803835,-5.258688077301494
-0.8371087176657339,-0.32821866210673706,-0.22662302291053915,-1.619274525896622,-0.4298004913182275,1.400344152396982
-1.39135602260377,1.1533625734439088,0.1087425608993304,-2.6675477262351563,-0.2036535790909396,3.689982656933585
-0.6017052512114012,-0.0985136109164383,-0.9423389167747992,-1.1699197315966756,-1.1120786782021512,1.1414666041646868
-0.9103599405113855,2.482849104936499,-1.4809862260211946,-1.8113240034356675,-1.7385610011041166,4.012943411603773
0.08308180225579376,-1.5775317554330146,-0.8139335753508429,0.15056557262036577,-0.8586489670611837,-1.4590995709126295
0.6974423762054914,1.100061006702279,-0.350322335152183,1.296036667185599,-0.15339207444685574,-0.4584983585921237
1.9319693354413787,0.48530454935555817,-2.0829741512216895,3.4920220062432787,-1.5293915200136783,-3.2718310993127613
-1.0368729409509194,1.1532171275201284,0.3352928640872982,-1.9693889517307568,0.12267320705845529,2.9731595172437806
-1.3470022656038714,1.6974013720315193,0.4151760027348218,-2.5682669908774503,0.13802895392049017,4.059219896740973
-0.29060872383607944,0.396279173069071,0.2761739156609129,-0.550882607111081,0.23012151755914484,0.8685464242198935
-0.3673687730762834,-0.19941826571910726,2.4077077599002905,-0.6565045396752305,2.4351505228673025,0.5466806322731039
1.2521636869406771,-1.3947777547923672,-0.4945714180017617,2.3840333157102154,-0.22841166060607132,-3.6752598385128143
1.0363847513629074,-2.3489715275351077,0.3899961791282888,2.037412122745329,0.6498566750888919,-3.9905851244092343
0.44518734167161417,0.33442052155679625,0.6375198446400622,0.8208574970499057,0.7811862831947715,-0.654363831935602
-0.32834182137207724,0.8295138088830764,-1.1268129758938394,-0.6401102417026403,-1.221956040737217,1.3884977678184949
-1.5533593098852354,1.7467185670400334,0.7464661891346933,-2.9438089352671146,0.41271685819322546,4.488487988721476
-0.45917763462699934,1.0797389499834724,-0.6888758803551065,-0.8743006159050297,-0.8001913724338306,1.8278152029011696
0.4889765881574013,-0.629525627364858,-0.2970660340770692,0.9249571233587741,-0.19872275636902384,-1.517344586762415
-0.18161909887132216,0.11899635947760367,-1.5399101976144254,-0.3727064377845852,-1.6115554443717317,0.5009572813560978
-1.07696363319872,1.4060878484231432,1.0038925403676628,-2.018606793432042,0.7990346351206822,3.2412162429592932
-0.6975324600285482,1.025182533407535,1.6270474352782711,-1.2881179435873875,1.5245465144714996,2.144558033580033
1.9578927750515522,-1.733852419575425,0.3097172988309381,3.74000286693816,0.8035419548601914,-5.433855720602123
0.4434125866462268,0.08701508995721793,1.7489831022044713,0.8261735307155752,1.945416936984391,-0.8387708279397506
-0.13850221886019848,0.7875649152814015,-0.38510032429189767,-0.2545259638790383,-0.40859528663528016,0.9194747494059867
-0.731586750803816,0.20577181673709338,0.9768881866075392,-1.3874537986860636,0.8449446649320261,1.5626106019721497
-1.0842217558765208,1.5008449417422154,0.7500245313419298,-2.042219541851657,0.5436271563761461,3.351445914224249
0.7071401065694577,-0.4050521209642146,-0.2357855890785067,1.3285254911476252,-0.07566809623736206,-1.7750735778459654
-0.2279474258818086,-0.7372491158028411,2.2450663236371935,-0.41076726881660375,2.3063280160478525,-0.06663930830416846
0.4051438697563029,0.40783010657426316,0.6375822137374865,0.7467420554058349,0.7725792703243075,-0.5133627345313271
1.1758868977965036,-0.9847480995141366,0.608943590441574,2.2352446825950265,0.9258184254629566,-3.2283061602323313
0.9701780669885205,-1.9509163919394004,-0.08184054046832667,1.8852264123536004,0.12244510476381466,-3.5540331930660365
0.661102029255888,-0.2674113524371929,0.5242776195366554,1.2325785059740322,0.7094402661596961,-1.5842063261891826
0.7689444100715458,-0.6002279503688102,-0.8753495936633843,1.44590641454463,-0.7166952161123926,-2.044020922351261
-1.0744381441282895,0.5796124033202869,0.5021106417948535,-2.043900244716214,0.2736800966702718,2.5540808497199547
0.007858124439019499,1.019879383027185,-0.691347666376612,0.023431148792352537,-0.6794003008065318,0.844525554499343
1.5622616332265638,-0.7604995521670772,0.874719796519272,2.9445675142373458,1.3102323629728592,-3.8483930837818487
0.1495070212486267,-1.4659184139079078,0.4689879899488962,0.2794830784354404,0.5120318702327125,-1.4590991974618883
1.0321047271780923,-0.2013383961740576,-0.1863166292544572,1.9219311651938105,0.06329987984109721,-2.2626250992107186
0.9132388509378743,-0.037643109992027905,0.8825808792283606,1.695338248361585,1.1553924256622095,-1.9143172315292614
1.1319136552446798,-0.6257885601023552,0.204332820245914,2.128493256426881,0.4872574415728554,-2.8388086837256794
-0.34478823460975744,0.023131406368193642,-0.2657679778322717,-0.6611913443177976,-0.35136594917475283,0.6934174498317257
0.4370346449752463,0.8267787877360812,-0.6083402875387613,0.8211169003552459,-0.48924726718114425,-0.17382542555309177
0.48682046567552745,-0.28189652712106084,-0.14317397347277977,0.9139147544321563,-0.03210437539012625,-1.2303751457566259
0.3729531970024842,-0.8429971325117415,1.3418632956714371,0.6996459912234041,1.5046585461615698,-1.411392861537568
-0.009773653085128262,0.13310610758976957,0.5676841687616685,-0.02804957334823465,0.5958146896739106,0.09153764196971143
-0.5728048603943691,1.491248407090693,-0.49336510127583416,-1.0827395242698565,-0.6167778430379781,2.3906722866477037
0.3310638930281752,0.8864490281732221,-0.46758570251896453,0.6269351736636154,-0.3716640569030828,0.07864198285676641
1.0709950949168177,-1.6286436837345284,0.6814440312688269,2.074299812125503,0.9753839140351503,-3.5080812298374697
-0.840752423802201,1.5207491273006442,2.7478947072854574,-1.4795103349893637,2.63407140485,2.764268631672939
-0.23514726377607525,1.034157516200665,1.0658369094939504,-0.4342138897251812,1.0742569265705533,1.2674373271186783
-1.20610396655877,1.1425694213453959,0.10155127392656876,-2.308151771704143,-0.16301093668354236,3.3148030174587704
1.90279314729727,-1.6463412716749002,-0.4762721744842279,3.5986779843294947,-0.039203507397207404,-5.18385892392754
0.061332893058671845,1.4356050812080619,0.014035185801528283,0.13960082332580176,0.07447564325883094,1.0575007520526392
0.6602813458379782,-0.9057555875728727,0.7801784088888801,1.2507823393380528,0.9784331852439484,-2.086679821935463
-0.034115195007008894,-1.384124681073155,-0.3532492263052424,-0.07504115369706255,-0.39873197374800057,-1.0551659691703845
-1.403189995674321,-0.5516221744089573,0.7922895540245198,-2.683851756382099,0.4781548907858559,2.3141976714988237
-1.6703378783159426,0.9604478796403562,0.884900429788788,-3.149554244588649,0.49288652249984843,4.0015841920001565
0.39049908842885184,-0.7806638263928098,2.361353313414989,0.7436894670976176,2.597980824404685,-1.296413774862607
0.04127374492594421,1.2181118367755204,0.9949005239405724,0.0846654581961254,1.0773025359105668,0.8827355877411729
-0.0047897113199448955,-1.3769789002309791,0.9153746726142102,-0.021356599003168393,0.9522946143600112,-1.0433263516757796
0.4526005775666437,1.571785557508489,1.3427136812479834,0.8495250998900734,1.56997770952323,0.3674907894723895
-0.5648399083178275,0.31748114646884784,-1.6153779629793745,-1.120260368440755,-1.7911711732486735,1.4670314327037177
1.1410852401154612,-0.8658135571589104,-0.790058535812606,2.1448285398980635,-0.5432180831351471,-3.006577481692074
-1.0653287807678757,0.8838447342775027,0.5236926001376907,-2.0207959071174626,0.3029398474689711,2.787846615644625
-0.6637981361322621,0.9821697759326874,-1.0479905992296437,-1.2917130698489099,-1.2320557882930925,2.190912948616025
-1.3323376814162085,1.5090186250447177,-1.174055973932046,-2.6252339949086902,-1.5315839222683114,4.003829942550436
-0.513027805397375,-1.571900764234414,-0.1838428805880999,-1.0141788828727747,-0.33072880623014167,-0.20936013741760381
0.34825735760629417,0.34588672754394767,-1.3892581289800416,0.6413449489443988,-1.3097417059115148,-0.3754667895786886
0.4219559465747858,-0.9030601812459247,1.8802712717921686,0.7999489672900147,2.08923740135512,-1.5004183660822725
-2.270479866654483,2.120928331113507,-0.879508412089905,-4.444979653051833,-1.37722762856635,6.333804949304624
-0.1460533230344851,0.4280359169198519,1.2452157310095486,-0.28025454799619165,1.2699067010954208,0.589043425910203
0.509233916257982,-0.6805339030129255,-0.8840446388025563,0.9617664216183583,-0.7946954162291402,-1.5931870490228965
0.11108864456841189,-1.1300006499131539,-0.7909388554027187,0.20658343709749138,-0.8116239736843234,-1.159916486730602
0.07829809481841145,-0.6410728743193851,-1.8590627079056503,0.12299225601522236,-1.8765789507752868,-0.691232468306247
1.5404272193381052,-1.2039684965325885,0.9354257649333618,2.939116843010835,1.3676744520066577,-4.15348721781248
-1.0781134245802557,0.5079274589129523,1.6678416172857389,-1.9983933121974342,1.4537626405081556,2.436696411082287
1.599338110232768,-1.0549764139474718,-0.615064615891098,3.000186843012474,-0.2501741693827426,-4.086091739578627
-0.3053639609859019,1.155620065759203,-0.06111416464881504,-0.5611737286047072,-0.1052090549814264,1.544580160109405
0.15228459321783616,-1.5723235919871597,0.9429884864691299,0.28590217561500125,1.0211963407928164,-1.506371732239691
-0.2023305081862034,-0.8250169965957324,-0.40638863750878973,-0.39682043923342253,-0.4785884589787536,-0.2752567375984677
1.2012805863248168,-1.4174841633707689,1.6255236301676312,2.309080469661139,2.0274670936090096,-3.5219209106284493
-0.8979339954148524,1.3863713568364782,-0.9728043765604657,-1.7505332749311127,-1.2128375753612606,2.9994983641727497
-0.8146279032726194,-1.4690389652106217,-1.2382199740692974,-1.5927732581154463,-1.484455317598154,0.4532160058409487
-2.5806297339484394,0.23406268046142076,0.7131882268787573,-4.869889498104418,0.16171821991292318,5.08609148916677
-0.2648118485112967,0.271020791810504,2.2206819090348144,-0.47450340879124564,2.2532565428858367,0.6881071544418812
1.6950571548975126,-1.6563984603583362,-0.5307923032850926,3.2179929951915436,-0.15274487039877213,-4.770838810873776
-0.008116728531855837,0.07134300346121408,-1.301225115616457,-0.03133805034469105,-1.3244285524145594,0.09476496807487783
0.4680322483168766,-0.6663081703111688,-0.2207702321303706,0.8856739584877635,-0.12575542378733684,-1.5056522828209478
1.9358443424463134,-1.884260989374826,0.5426250135473794,3.719782693217544,1.0487823813506518,-5.513451643078636
-0.11630746566572893,1.0404739335320903,2.897215732539707,-0.16117723148029434,3.0482700024213565,0.945737001331844
-0.06939667363750562,0.30837011093763006,-0.04678942056992627,-0.13141022227904722,-0.05405085743306613,0.3680519687877541
-0.09907649052874562,1.7318509658645493,-0.8772017459862637,-0.16644956521681264,-0.882022530521576,1.6853175165861647
0.44042845128177455,-0.6189229631759289,1.7867121996398019,0.8286542633116464,1.991258193819835,-1.350418690042761
2.172310516920468,-1.9936849991088956,-1.9307414384090507,4.02736462968725,-1.495980484070794,-5.7986557808734585
-0.025536553592958686,0.1744972271641256,0.509515930800155,-0.056510943146759675,0.5319358259012161,0.15709347608281468
-1.4433503760960518,0.19401592744282126,-1.1592859103836,-2.80056608779359,-1.5422830382354522,3.123270082563588
-0.45383436438551816,2.7071665800756044,-0.18627723279001296,-0.8065522665496527,-0.21696540473381812,3.2292728063388583
0.500634680370881,-0.027772635357567625,-0.7530960404546815,0.938428446208785,-0.643493033235591,-1.0296809769316322
0.6632130163254903,-0.38480833195709563,-0.7436091138732265,1.2459713815092481,-0.6037798121316885,-1.656273332613904
1.0249722085848454,-1.3358243469381839,1.6677188543184374,1.9669702320381361,2.026571237437845,-3.085289567388391
0.6613645189007595,0.18351891709556933,0.5291336510877382,1.223027883066644,0.7196415218763329,-1.212928786439999
-0.010952422239322721,-2.148515430611507,-0.73834552178897,-0.04024697036839391,-0.8233187557831184,-1.7025109640549274
-0.07856429809073794,-0.03709296177769667,1.2182014895342692,-0.16067450182802034,1.257268223983116,0.09281760981722104
-0.9922731080657289,1.9253877171720077,0.5402944391417697,-1.8696996389176208,0.36995033055164595,3.5648461964217324
-2.929296269857923,1.1099590341169088,0.010346849817265875,-5.563224583126639,-0.5624571071464258,6.5806212898311145
-0.9177295164209063,0.09648166142200987,1.5277984766287642,-1.7171911503718638,1.358567881551151,1.821124748449545
-0.3042016823283105,1.070843616076347,-2.0122411836027303,-0.6396814898032099,-2.117856157915404,1.6452021940419774
-0.0731676211888149,-0.11820163754026898,2.0366897549895273,-0.1312907459583737,2.1145632775595464,0.03769795734333198
-1.4073859108960798,-0.27079684884530647,0.10447380065747278,-2.709555703620281,-0.22507730558065459,2.567453108125514
-1.1120538432794773,0.4834769773440431,-0.6544625186244736,-2.1543506643653485,-0.9372769999301538,2.643304032574653
0.6986832738035298,1.3423284548334953,0.7972703557557915,1.2908372783893562,1.0461635679085628,-0.3071333671436516
0.02407168376893646,-0.782599343893616,1.0837721110704692,0.030987532563330332,1.1418518262994999,-0.668970765488711
-0.5698199131524603,0.8546885497449288,-0.2789855296646579,-1.0815697309573842,-0.4058960469096877,1.830522784862718
0.5701188108755534,0.47600514750947326,0.5683707296847259,1.051580548139174,0.7426237439576234,-0.785059933527547
0.6144994639323217,-1.400886448750728,-0.31497763115104055,1.180182314794332,-0.2059109581322239,-2.3913980168588873
-1.021685102355768,-0.13875874117377054,-0.8781206974840041,-1.9838042061758159,-1.1472420395319847,1.9622712919877434
-0.8226603913407047,2.078031162408737,-0.6657466798259645,-1.5827446921986263,-0.8502326095995394,3.4135977034738754
0.02592993415812699,-1.2844722389121723,0.22431629103127865,0.03966923225338053,0.22363910113187113,-1.0802620347259202
-0.47737000203408614,-0.03548110726586561,-0.10407967529684399,-0.9167556996574195,-0.21598273398162102,0.9062685154464648
-1.1265996760002526,-1.3610325826090457,1.1775466357098994,-2.1641419268432056,0.9539016479135358,1.2490339954441168
0.8672859935887026,-0.2932415377089575,0.41449534082948397,1.6192772234697983,0.6456723424644264,-2.026140279160917
0.13199559800544303,-1.6472398579231975,-2.188439318581891,0.2243980143704881,-2.2334483087129318,-1.6706136732909718
-2.06000633627698,1.6692567408362584,1.1931771817077665,-3.8480028024109596,0.6837592713540427,5.343547869009686
1.6849628321633638,-1.0195715181265335,-0.12558736608624244,3.1696082747955194,0.27719752393213737,-4.273689303944265
-1.5960108843789875,2.4648154394274466,-1.3404510567621828,-3.195394728364547,-1.7432921832068933,5.361730824372271
-0.5569722099916545,0.8437434182418002,1.0743187096224354,-1.0421807919681667,0.9973042448723669,1.7354268637934345
0.1549890106657309,-1.4299510547155843,1.308987962467431,0.2918194106616624,1.4146460737469255,-1.3758430381612339
1.183546266912042,-1.6381963596717086,-0.7425298261612181,2.257953909400574,-0.5107766341300649,-3.7189824689729094
-0.9046249534511749,1.3146478762271345,1.1342877647334284,-1.6875709506428551,0.9761701807118317,2.81856515104044
0.7621583019534263,0.2762455013887973,0.6199545311854507,1.4069551243995229,0.8419854550688367,-1.3413378721303961
0.14133409310559014,-0.35340401661315435,-0.2254703358742376,0.2641616919663756,-0.2022829847253504,-0.5910085172670647
0.1051282157736565,-0.30345762910575663,1.6487531444130301,0.19039752556594053,1.754854380766916,-0.4593299802051348
0.2940370310616908,-1.5003575182003834,-1.0373138698366087,0.5567372214791376,-1.0378106478966764,-1.829179344941027
-1.1963071285934421,0.3481663379064242,-0.014679638701589871,-2.29917351189495,-0.2915724422484327,2.645111186401171
0.9530263359644755,0.7118633058286554,-0.5475942428954388,1.755324305453656,-0.29828539979761076,-1.290773182522903
-0.2980929012736035,0.8586979019796043,0.6197132059143049,-0.5557357469778013,0.5943988867264459,1.2531339754747
0.32803503314663496,-0.7874142536744443,0.47516843312233614,0.614836210143603,0.5698981700995711,-1.3149603940502061
0.5918718165194696,-1.0192730998151864,-0.43678438831134647,1.1275720131653022,-0.3282384844091757,-2.040397147807212
-0.837751423749105,0.12175787031299634,0.7056793077903875,-1.596414626478457,0.5381325991907472,1.7141233745600184
-0.6103991954855714,0.26524688910245287,0.18644845417281938,-1.1649776182494909,0.05863077035252312,1.4007884455163049
-0.41625883252988993,2.477479887094916,-0.0020048025215425383,-0.7355193150204952,-0.02050714268835903,2.9363881603977795
0.21906926537550686,-0.14604645424388346,1.034038965584628,0.39778133205573646,1.1377266982459655,-0.5877253561323429
0.8458914370380106,0.07502355501228875,-1.1833936016240492,1.568079098478762,-0.9775579605393749,-1.6076717204859523
0.16147564113237312,-0.7413151230444299,0.6744779298325914,0.29406075404811494,0.7412818813035885,-0.9339708625790443
0.24984490775904594,0.5989850195767881,-1.219857821730728,0.4617389066388154,-1.1613257708997036,0.03426106407324726
-3.096234056000315,2.621325182200638,-0.7018233648131724,-5.970129897199471,-1.3200618633909609,8.354229834674944
-0.6471577268690428,2.3780167350487074,-1.110360066820565,-1.2495271193464748,-1.269518813692978,3.357548277231169
-0.023750244882848416,1.3073194474211747,1.3483285120997546,-0.033287166236846404,1.4291854841100207,1.0831081166556948
0.3823199159725698,-0.8179387161310427,0.5899164035248283,0.7180368218848163,0.7052712423812493,-1.448048500806172
0.2771858428623961,0.48746577445920103,-0.9347515374608361,0.5189485955825827,-0.8694866093944642,-0.13451972890974226
1.0609170855755217,-1.8211457770415822,-0.9968414646907443,2.023404259926222,-0.8138008315195496,-3.610238039259999
0.039218281980269505,-1.6965865800268887,0.32717375581943814,0.06504223534590572,0.3314547909311184,-1.4078419731495648
0.5594111255831686,-0.8153829014610858,-1.2923754017672975,1.0506471665928794,-1.1962354069349677,-1.8021682597954833
-1.3626074891665112,0.6769874438239093,0.12882773863890898,-2.611410495069275,-0.18296728048927144,3.230774332919634
-1.7238472731301266,1.2462934513962751,-0.562264094412419,-3.346752451632811,-0.9764800856172716,4.492264644033945
-1.528083391152986,-0.39162077523079236,0.03502479934688307,-2.942089748337003,-0.3269474630260223,2.7189938072702415
0.9657978989614603,0.48073954546673575,0.36379921942065524,1.776447470512851,0.6309976908187862,-1.5702759662234818
-0.6120523698548996,0.16277614838611157,-1.05412073995,-1.1921187855084268,-1.228682037972552,1.3899381505857715
-0.403542271210258,1.8037817628215802,0.5113696160101178,-0.7288157358133273,0.48992369098830213,2.2861214722374785
-0.25415213564443406,0.5228147818984616,-1.8511267983414945,-0.5292607267650163,-1.941935185027112,1.0321587506184589
1.1359858242985903,-0.37470028454709087,-0.28278737922340186,2.1200406628664634,-0.013278489161040265,-2.6139282624625735
0.3445386329804782,-0.864597285415935,0.003948263394760915,0.6524755539339638,0.07459801594159687,-1.413938216572064
0.4600250459201412,-0.06582715911251562,-0.5336324301471244,0.8636392444795274,-0.43302521063272,-0.9871841495914744
2.5928515474236016,-1.4438154809180674,0.43266636627995975,4.831946539645766,1.114350314066675,-6.499545894787968
0.7178075242758495,0.20911465362863763,1.470231960986395,1.3320030951031145,1.726268202868428,-1.3047522862237173
-0.9136208605188476,2.068756305450785,-1.219322696015066,-1.7993083707694308,-1.4685398059445895,3.6378710298570294
0.4444250492981466,1.1645061300161887,0.22912378892422391,0.8323747532781031,0.38068078312667597,0.06343562312833115
1.7166843768017719,-1.1271947145046282,1.0417467213283165,3.261960275129135,1.524537569707141,-4.453029725681173
1.3654721968283936,-1.1644283109130127,0.1417422832682505,2.5976429389204814,0.4732310753923363,-3.75586658017465
-1.418374549391983,0.23844558796586143,1.7217310256789309,-2.622354699999686,1.4093929543988644,2.8580916107108494
1.421787948865762,-2.8620243027557493,-0.6773492928847814,2.75545108240959,-0.40866746485545496,-5.156539606517469
0.7109250039879329,-2.464659962280836,-0.22077000127489504,1.3871898463860155,-0.10107007666980203,-3.4107166804601023
-0.7453839420617657,0.34724870191898244,-0.7522321182506421,-1.442742349827348,-0.9490604805886884,1.795651235508005
-0.8731505588029852,0.2905527536501856,-2.1750898165748787,-1.740741918851286,-2.428333480715697,2.1230708790281807
0.5615053411315222,-1.7040658679784602,-1.5958653069103264,1.0570913772966268,-1.5480348131913624,-2.5371529034977294
1.1804554762385504,-2.3693936181661845,-0.8071567614828118,2.2738659758941253,-0.6037108737465235,-4.284511084267168
0.19786981257968073,1.69114918703551,0.14542465037914934,0.3999075810765684,0.25703690751271446,1.007616695569788
1.718093848626848,-2.0690711296261903,-1.6102649440573877,3.2201577671172896,-1.26929195710316,-5.046513457978585
-0.3906751032362926,0.005055910897640582,0.6832611604541987,-0.7501009941699404,0.6240820165560769,0.7446618061664033
1.1480942408438863,-0.47298074382255045,-0.5170335951075224,2.144831752667772,-0.2518891989451327,-2.707748253461394
0.3301844994762969,1.4838288286416612,-0.710495633862219,0.6390297680025668,-0.6025628448502327,0.6164429632661358
-0.2689509862504558,0.071873336151633,1.6562029293323997,-0.5070439391789403,1.6639302675730976,0.5524434149184225
0.35769980847599037,-1.3923638468188455,0.41523504862549276,0.6837669622404855,0.506870800447329,-1.840564244587918
1.075888243430998,-0.992178391704301,-0.5446240590308762,2.0348842571580916,-0.31500901766286427,-2.99198041943899
1.3427382621193547,-0.39987702428358973,1.2468092710072896,2.51622985704265,1.6575063150491567,-3.086017653334137
-0.11768063085017745,0.86269383565867,-0.16735586050476742,-0.21198988397365193,-0.17685850490273913,0.9301180925081857
0.09142999196698864,-0.3878532041289072,-1.5968032465892341,0.1530051518157301,-1.6053576295174474,-0.49865191499804695
-1.055323174373414,1.8015096774728498,-0.1958877656942705,-2.0266329721997853,-0.41738809196451615,3.6072005965485294
0.7166934626631906,-1.410786616381733,2.3697569459644514,1.367991651784265,2.703041892026553,-2.348096258448537
1.288666510713915,-2.1764974586428147,-1.9401299232253457,2.4160119661651924,-1.714588339531149,-4.323853529528826
0.27450313285754524,0.9727013765275367,1.6365049512356236,0.5157132913835515,1.7934565686662423,0.20526619983743122
-2.0000280937956183,1.7642418403257785,0.7656273210933922,-3.781803483689602,0.28815363345562356,5.359703293355112
1.83651370406259,0.007773586882446231,-0.6567010125059941,3.3578920444443656,-0.19883645001639097,-3.6516161342333575
1.184462751438061,0.018667593586728946,1.901667335159093,2.210163283085739,2.326907841357598,-2.377659890507541
0.18698769376713686,-0.5843551467734113,-1.2305491706327965,0.3452294805116845,-1.2206220157373187,-0.8647562632483354
1.185273334110474,-0.34411752761537034,-0.14571314466804597,2.209782945899818,0.14127157296092813,-2.69566919337396
0.3097815145527654,-1.1548560471868763,0.39493971791499444,0.586854929275361,0.4758369097712753,-1.561628102108301
-1.46654066951761,3.7394830970345665,-0.7463127974769852,-2.9396602056217436,-1.0418977307700454,6.228754506251127
2.3767589329878813,-0.6569860996223279,2.0499560842525058,4.424964410507387,2.7552725470879587,-5.264266744099282
-0.9978167729297468,0.7649128134809502,0.15255301764791024,-1.9043170534057738,-0.06401132399487837,2.5795827622750136
-1.0962354700312904,1.4563328411665684,0.26307886178931855,-2.086066602343386,0.040921112930957765,3.3585601765003625
0.42949537019370054,-2.066985137414756,0.5444980200871713,0.8359132651801804,0.6617077306911053,-2.483933169203504
1.0292998347179043,-0.883048665362175,0.3435951795098052,1.9512852578971958,0.6053370626498363,-2.840335701946119
-0.06325260826413073,-0.5157326110479725,-1.6641220194067956,-0.1438223742805621,-1.7172683066617311,-0.2955025288810348
0.8906605144019709,-3.493713500523169,0.4411065978909231,1.748149182704367,0.7056049763906574,-4.510470330825979
0.615756200684668,-0.0530030883275778,0.11634155278095284,1.1471442545833688,0.2734966335973406,-1.307370194860359
-0.5135958348289192,0.10446787186275555,0.16611813664919595,-0.9826318565196644,0.05811013509926634,1.0805830948527755
0.3044578437187733,-1.3877310516077663,0.6911760927262299,0.5790517112890261,0.7900243515259904,-1.7117167527052393
1.0138346703977572,-1.7551271326651527,-0.5709078310518224,1.9481419477952315,-0.38151583249349197,-3.4781010172333944
0.6417734571279372,-0.11571973862720793,1.0512452900940097,1.1914174965163107,1.262413956122435,-1.4203336427466566
-0.37154048250297084,0.4516604446403114,2.504395291556062,-0.6531417534699192,2.5252155167131742,1.012190963729909
-0.04370398458474602,-0.40622971441140093,-1.7918561272389912,-0.11088117506318765,-1.836380305558099,-0.23688721474666766
0.7121935279661784,0.3688587163422842,0.04683503581042353,1.3185362424602267,0.23489343516643085,-1.1430216667391764
0.11765632494602946,-1.4285999931794127,-0.5783087408798938,0.21975735247358427,-0.6004020733309878,-1.405864864069661
0.5426187061522331,-0.592024941098778,0.849710051805664,1.0162351446636626,1.023401837779031,-1.5974188405825696
0.816052498431068,-2.0404996618877824,-0.07784740857549899,1.5892288436847797,0.08552431516441594,-3.3039088092303954
0.5329391279818437,-0.8041118819759692,0.1772904586940105,1.0087072561434403,0.3044212661227859,-1.7512841290701193
0.07909684772148176,0.4493660029281594,0.6343884921644773,0.1416906320400285,0.6911928673342831,0.16983444970467687
-0.5288429802207644,0.25751974003740785,0.08849101415164928,-1.00907760824847,-0.02384266590325468,1.236830207044909
0.8913784907698096,-0.8522406267097197,-0.3160301626198534,1.6876659853458449,-0.12306566591210073,-2.5140447618463044
0.36115036281493434,-0.355302299729553,0.7724165137364559,0.6682260034693179,0.896494930065788,-1.042033534011595
-0.9870928417892062,1.5387062366654216,-0.7828395697263468,-1.9186337321673785,-1.0320003226737529,3.289239598629272
-0.19837248667541618,1.002084807878098,0.7086205905631241,-0.36516041579169717,0.7144533230013559,1.1753531222477576
-0.3339000740617141,0.24837376172351325,-0.6746686817028753,-0.6421485813090003,-0.7667188064584713,0.8751082366469587
-1.862494889093302,-0.16048505915229117,2.1421716006211975,-3.3802023508520205,1.7583260608095554,3.3038782863499576
0.6730926281306989,0.4986651335364296,1.4758813279971872,1.2464112794571485,1.7228578602470577,-0.980494177972039
-0.03764607795838272,-2.2695991696796947,-1.472931963502092,-0.09786852629686306,-1.614942314824193,-1.7738540462721037
-0.7222770376894049,1.7161579394414372,-2.271304609502923,-1.487059784444378,-2.5042935291196393,3.0963465861130772
-1.9155911027754553,-0.14004426187837607,-1.5711767694776086,-3.664220278843481,-2.0774188039714403,3.8375445657131495
-0.6137111717271008,1.7087607488160246,0.7873225592628971,-1.1326311437904895,0.7151500172967612,2.6126356773776602
0.40533961551807035,0.0716869151301737,0.09090631841233356,0.7551040313939577,0.19758499901699697,-0.7794637018259932
-0.36826362889809144,-0.20411438134490748,1.174187254228336,-0.7080645407270026,1.139454965391367,0.539329521730943
-0.6577988151729348,0.2728515520272834,-0.6841162096832453,-1.2707546551922018,-0.8569138926518334,1.5512606652624412
0.6883399519969803,-1.328570162114371,0.8249238612527985,1.3210319128183536,1.0327610851591846,-2.465714328681229
-0.17950093394519567,-0.6584891807695903,-1.2842496483962988,-0.358904326393725,-1.3675385340827393,-0.18544172136386278
-2.45105694992426,2.3405710780890843,0.06558658866345476,-4.705053748215479,-0.5084928562593422,6.811138942922295
0.47037860012253063,0.6563752491154877,-0.9281045171264721,0.8790257534239719,-0.8075810255577437,-0.3701843125556816
0.710929298679965,0.38242561766726385,-0.8718857873987534,1.3210404363948467,-0.6954945996033589,-1.0874644197054963
-1.06674632984633,1.3954217392221617,0.13786185368175854,-2.033768231639529,-0.08310389859124187,3.2540938761700664
0.40632510374718694,-2.4419919403079366,-0.44983251725521184,0.7811821036800435,-0.4268780168992551,-2.7679512983239483
-0.07624298847319558,0.7027708771983446,0.2627329368102729,-0.13959159992669143,0.2738875085147955,0.6966584333394763
0.8105598913949067,0.9193587691820252,1.459354005889301,1.4981230445144758,1.7573876181839818,-0.9102567560921196
0.3802019710882069,0.4300585787784725,0.4308718718600926,0.7030617564305812,0.5515918316821231,-0.4403490150054291
-0.2926288738718228,0.9652259778731295,0.6339984367521294,-0.5427255280293911,0.6132804949253787,1.3316199293740834
0.3848503887610588,0.3799068685864026,-1.2480248159160685,0.713661633729088,-1.1579352413071369,-0.4259639994498992
0.7394718927842849,-0.8703277134907386,0.7088578667260128,1.400794007685687,0.922260515392205,-2.2261313498980613
-0.31987129323554686,0.5575670655365623,-0.5438702820858698,-0.6084994672041767,-0.6232248654306359,1.0981899635423062
-0.046058223982461836,-1.0928848100984012,2.430158665931606,-0.06538596323162597,2.5596337317936655,-0.6200373125381804
0.4376276661721018,0.5326050294805005,0.5281017560882859,0.808153986641088,0.6689489006050584,-0.47165204193488514
1.3465649658440666,0.46305885313685796,-1.4638874141974274,2.4578292266906483,-1.1014258232907783,-2.2166682171194285
0.19990176153410366,1.0517223799616555,0.39164576583345795,0.3799733171831202,0.48469905451355655,0.4416720030259441
-0.2123076903829173,0.1366363175659856,-1.0812398277346713,-0.4175946944383881,-1.1538366843815424,0.554866376961026
-0.5790854472351636,-0.050099730318020654,-2.9278217910262745,-1.192318907865641,-3.0599756162551044,1.230127959148953
0.5113853738940126,0.20475472758888053,0.784675257050757,0.9433064495805198,0.9500275565980937,-0.8964920718532343
-1.1302200429944576,2.2725076492003997,2.448202585211362,-2.0352597912825696,2.2636441949168153,4.073023794926959
-0.9403412227606869,0.6218230024294134,-2.4688464805201313,-1.8980153840709306,-2.7303895414157737,2.589366376255006
-1.4481447685037228,1.5716226858385527,0.1756882965731914,-2.77778212461159,-0.13857408666841906,4.160175134037192
-0.4767063000315568,-0.35418750065742766,0.0034943879834963797,-0.9208999206468047,-0.10889541300890856,0.6492040755289797
-0.6993265572487053,0.4359228456852114,0.6948243420850126,-1.3258933672231075,0.5656527807468016,1.691509519278476
-0.398430941138714,1.3553370795930426,2.3680763615933964,-0.6973886917321618,2.3775132071165572,1.8165289601081096
-0.0005643114313491262,1.0920312539585177,-0.3805587644158209,0.013586434050334653,-0.36057597463506635,0.9036646296263159
-0.3915930315013739,-0.18919328554021608,0.4781909706658778,-0.7552796463454655,0.4076369360676795,0.5995518478127856
0.6519379095613526,0.6423722070169066,0.4930200566113949,1.2016618882831853,0.6885616989016748,-0.8056994044911328
-1.9400523083029666,2.272650361296665,-0.45919306351010614,-3.79707048715184,-0.8865500561391788,5.790422061189261
-0.5371014246831042,-0.07298823930880025,-0.5560280133705364,-1.0373169079302187,-0.6980088628379184,1.0137585502873792
1.3495772005073738,0.3432299530506479,0.12730677113092348,2.476571113535959,0.4828937974114818,-2.4540487591872444
-2.07894750917635,0.6301690669796053,-1.0103664432045307,-4.006642356066627,-1.518864691271078,4.733264469356572
2.0735165129666226,-1.0169360922866877,0.2655100201268701,3.881321427377809,0.7891559603744909,-5.0922957831121805
1.006530155497418,-2.0870512522554026,-0.17679562176138927,1.9577845110592644,0.02823903711955516,-3.733219701253976
0.4171428731692372,-0.19730277279292224,0.7013307393800292,0.7721223648334384,0.8359748854274028,-1.0311561114154666
-0.6581173537440299,0.9681618220410133,-0.02488643864649823,-1.2455628069433096,-0.16041220874697196,2.0858036611013984
1.1500560552396906,-2.5615817007937602,-0.32728115903056026,2.2443106225413954,-0.1015171541265393,-4.390791865160029
-0.9092550725484925,2.5126643946163814,-0.6047207630734446,-1.7553653192668512,-0.7922692837075649,3.9714444517747176
-0.1691947127989697,-0.7786259983516522,-1.2926173422635656,-0.3391444777410929,-1.3768765372432994,-0.3078496987495165
0.651266779130999,-1.4870265713526183,0.011419726361339502,1.2551954156471625,0.14709741527400655,-2.533639794461968
-0.010266360119175613,-1.7739692662260163,1.862325038793811,-0.009268453991545791,1.960437826323403,-1.1800312612170645
0.24137819132883748,-1.1545923951421684,-1.7419015563848934,0.44115260784537474,-1.7408419158255226,-1.4585571226282434
-0.6933707123333185,-1.1294113564337858,-0.030417213975911604,-1.3555867869545215,-0.20479566606984304,0.4937048832366723
-0.5420922778525921,-0.3086363999129533,0.8794128849601988,-1.0422112037174707,0.7882697226672182,0.8043701216368675
-1.6582817956759985,2.530869609875047,0.15256242488061314,-3.213801882112676,-0.17591724456361144,5.439391992424505
0.4819194022258904,-0.03796278723837384,-0.06318443511985188,0.9005617647194224,0.05467381044502276,-1.0203790978962466
1.4628428916666987,-1.386335541836753,-0.2476028442016952,2.783707446658294,0.08498747243582225,-4.110566241520781
-0.04723434501682107,0.4684363270698438,-0.3476264618786807,-0.08660123578952178,-0.35504342855591037,0.4681564100566268
1.9258542894580921,-1.9706803402397621,0.16155100911502493,3.6962263853176975,0.6379432742064873,-5.545879520615183
-0.23248406698122426,-1.3475304787167401,0.9936309981694007,-0.4610024803148141,0.9782611841045301,-0.5465307639089315
-0.9547134554959839,-0.43993378893692875,1.0590569549725148,-1.8210484732322616,0.8676305590941038,1.5168655245258618
0.15522718203349678,-0.8477361907007774,0.38661057737828836,0.2858196530540914,0.4329269019594553,-1.0088504744213604
0.42751182302635815,0.9093560550523256,0.026511413596493987,0.7999030117867975,0.1582886130834384,-0.11453864565585861
0.6131898074359587,-0.36634633041411235,-0.48550320969724514,1.1533134218515462,-0.35423140444134915,-1.547186076782797
0.6733089500005541,-1.8812665553935832,-0.03926076017273597,1.30782914350122,0.09253430346924599,-2.884875728477515
-0.02667353485177626,0.3060860775064792,-0.3405780963161004,-0.04980701145286071,-0.34651956120489763,0.29148807606087546
-0.4068454125486949,1.165413594766021,1.1214549375352634,-0.7520089100478037,1.0915622138559455,1.7156289211988003
-0.9729250809218694,1.0495284467133479,1.7476574386527297,-1.7934589060513733,1.5685371887502824,2.68671699748245
-1.0402877969605118,-1.040040407049734,-0.11554128232985578,-2.0246509761317104,-0.37025863407942555,1.2615567017553753
-1.5399739459112982,1.7997171088941402,0.6193218517168523,-2.928388276850557,0.2922047444285397,4.5179734584233096
-0.5776986034960536,0.6992457402307924,-0.17205219885431752,-1.097523767615999,-0.29926811753191734,1.7099340533960516
-0.29908876169910664,1.237346023253732,0.6221289187837367,-0.5473832636851558,0.6079398007609201,1.5771560713957007
0.01491777613139195,-1.0807262379038376,0.5960796695143852,0.015426761532649182,0.6185750983268887,-0.8899802832214985
-0.21424147624402867,1.0548967233305366,1.6172927520561302,-0.38887437727221646,1.6451935915491829,1.2345817931441347
0.8900830794170291,-2.0128482491432194,0.9838401631973974,1.7407531254430806,1.2584492878161668,-3.3861081106967217
-0.9597304189184023,1.3628297735980888,-0.6212908945751592,-1.8555285609491086,-0.8565070164885571,3.069392132363688
0.09430299764899532,-2.0086873229589157,0.5061107122101968,0.17316755160009248,0.5363126628827077,-1.7346681779732827
1.3447248802088896,-0.06978125828010528,0.062306159815690806,2.487804998770414,0.404347879612874,-2.7987445850314083
-0.4012408464519488,1.1306694851906385,-0.996931822977261,-0.7730912935291198,-1.1037439676010223,1.781371054715958
-0.015650997821405898,0.026335848736596487,-0.0896102886915118,-0.032831871589622794,-0.09134462367670224,0.031089310822328742
0.1591012726274753,0.7593476068315071,0.5863937856732981,0.29591207497753486,0.6673436165723692,0.2694569310464122
-0.6941842422737582,0.6461452585766488,0.3582359574022861,-1.3156127014119845,0.22264741730152615,1.8678351320758924
-0.3945816746862625,-1.1173635432669662,0.15135137090853473,-0.7750973510272047,0.051570640732677454,-0.09830299293401751
-1.5704057708431949,2.6499695582715104,2.147845419094926,-2.8825502390541287,1.8468217915286265,5.306240110301762
-0.1972219132999367,-0.07412597911060421,1.6609425899532748,-0.3747896082220032,1.6883505248368895,0.30462242714494675
1.1173074901561129,1.2041316867305654,0.5529697952909904,2.0424069682169304,0.893138589457035,-1.2529777055298987
-0.586739178389014,1.0916482739213818,0.14365538654584814,-1.1018275988861579,0.035968546120290365,2.0388885523469447
0.9301243817085034,-1.6897693480135267,-0.21653524661816562,1.795538865514755,-0.027832303310612837,-3.2658156762457637
-0.1931261252742988,-1.118724270621953,1.4369794932211841,-0.3766844579524524,1.4604410586613308,-0.4376834068822714
0.8751690019244958,0.8568630812748564,-0.5455518860711573,1.6150130709769515,-0.31243814336753983,-1.0092850201811239
-1.11758207357789,0.048228696532123666,0.3528958079892165,-2.1419349223418185,0.10420335960028883,2.224482110456068
-1.2136950343786206,0.2868835602158982,-1.235065440311975,-2.3656499901978076,-1.5660716481914245,2.7408303433524788
-1.020573832770718,2.007199662003853,-0.10670840072546552,-1.9537654007698582,-0.30682757009700745,3.716175800260902
-1.3769059234977825,1.067840401155442,0.31622723434635214,-2.6285150045193304,0.01082104286586645,3.5714210852872386
-0.7090992617252057,2.4950597303509774,0.38255740007423866,-1.3085440971112998,0.3054035449119618,3.538183695562741
-0.029787386068068675,-0.2663879368215804,-0.9200106893571588,-0.06444786199995838,-0.9516799394827055,-0.16313530984451055
0.3892016773821962,0.31775132360358144,0.1956622407942579,0.7228818528665453,0.3072702236368462,-0.5454819274702198
-0.6580980832988912,-1.029339435597757,0.8008943228845018,-1.2783695948556777,0.6705805877596452,0.5217754174486191
-1.9286153947466311,2.5469251308881775,1.6039642749912228,-3.591313729737265,1.1812497632113195,5.905248106913471
1.0165525659773178,-0.28208944248325146,0.00810865763583846,1.8967358891497643,0.2583455468921404,-2.3085113549882514
-0.3702264148567933,1.0091462333852963,-0.5268886317489379,-0.6975157011477814,-0.6095460586688876,1.577587142891148
0.5057423970300219,-0.4462313832029646,-1.8505159478003994,0.9289934525005743,-1.7408338405518033,-1.376183191002123
0.09042680108680246,-2.286596595117143,0.139088069128295,0.16103300853345712,0.14197541365957958,-1.9592975739403198
-1.305631177495632,1.064652871569469,-0.5227538825580694,-2.5305408464362373,-0.8421082631592434,3.503108707287743
0.25031414832152504,-0.6163565765453616,1.5267316625609728,0.4643807552003593,1.6669773156767342,-0.9836324606206086
1.1968583247266715,-1.435111419399878,-1.1571571563502119,2.2585658849322723,-0.9212473431271166,-3.5641834415457105
-0.8480524205006599,0.634584774409616,-0.597155075474578,-1.6367245680051852,-0.8114409334549566,2.230425495787122
0.26328244053964733,1.7132325117124658,1.6527695971885559,0.5084917384507925,1.8536796936333484,0.8635841504476104
1.2777211243722626,-0.3846974203755988,-0.46469459643411776,2.3780109998087293,-0.1621598420129417,-2.8960644491501295
0.25536116003649434,-0.46107820736468486,-1.47013967921183,0.4688736237531555,-1.43803006711628,-0.8943502974662207
0.7546173447157133,0.2928004068144569,-1.3321986604450082,1.395795111257962,-1.1423945552288146,-1.2290639628248714
0.4359433269313046,-0.28355275201872915,0.11843226356891587,0.8155604925067987,0.22709060764654476,-1.1336349347456403
-1.8921725918716408,2.1964410799401173,0.9027887928358974,-3.579773289082843,0.47795141498134486,5.546151085999472
-0.3380366349497567,0.05178366357699379,-1.0293878504123537,-0.6595069095178964,-1.1344307013351438,0.735366412184858
-0.12453861359097042,-0.6864782394812674,-0.2527541999374582,-0.24563131942480906,-0.29945255515282704,-0.3216589188602527
1.1813736696741155,-2.5134500278254617,-1.3651259919912742,2.249008147434057,-1.1958563512856686,-4.378327247722827
-0.839263416032425,0.6527508880098483,-0.8199666460046794,-1.6272225145518202,-1.0422623855153843,2.2473624946355213
0.22416005284284846,-1.5614074721198705,0.9529818579941651,0.42580627546869854,1.0504978692519387,-1.6487645159975615
0.7031195042523393,-0.9655067423572927,0.22343544970997448,1.3371647079339297,0.39360304363714566,-2.230162382222068
-0.9960250988425728,2.3417581000293195,-0.3676914834475175,-1.91916855028408,-0.5652692396020054,3.9800023579625843
0.6861434484246483,-0.9940479432373622,1.3801115346400354,1.3036490620577061,1.6276705635617637,-2.1676303940855703
-0.855344528457561,-0.7488654722589793,0.2515357615230664,-1.6586232144862956,0.05487215784937577,1.1053925248874386
0.6307332893407966,0.026583394930948266,0.194055720300415,1.1724769310487806,0.3595154429940548,-1.2734293000330839
-0.12605113506286947,-1.6782790212716847,0.7969268021033052,-0.2571896349494354,0.7933755878969397,-1.0113442292700108
0.7111417393582263,-0.2961012155360967,1.0081722949510314,1.3261435336419283,1.2348276151551874,-1.7072810843058361
0.4227920286497433,-0.17387953593097039,0.0958091647067994,0.7897952210524491,0.20224710482883612,-1.0170168969629694
-0.8559309814637497,1.607074344360645,0.26073637928681526,-1.6143737444534982,0.10519350560125011,3.015478975284568
0.8064859528568046,-0.39796977772535186,-0.4047985335489714,1.5131944927120482,-0.22377655908494634,-1.9642497920795732
0.33746509514459905,-0.8283527095610265,0.6316336817208705,0.6321216532644018,0.7385286883841553,-1.3626235514276945
-0.8831125945167372,-0.21678784427712433,0.13524989057673797,-1.7014400342077065,-0.06532807310485558,1.5652983611902107
-1.5738879983939367,0.05159893099915933,-0.22503774316174313,-3.0305196591314183,-0.6040609514520944,3.1775011202306005
-0.3033292569934114,1.5821014336469736,-0.16994587488849905,-0.5465175618502638,-0.20413935160619134,1.9123196304797399
-0.46161131450011034,-0.8768412300644329,1.204344476768359,-0.8922760476564279,1.1457250178260299,0.2496265247220966
1.1085208052756819,0.7087126068907043,0.8633448400055402,2.033571004702741,1.2019812345237486,-1.6833897472957395
0.19067278076061306,1.013229712369881,0.9936787805034804,0.35595541666447655,1.1052738189331288,0.41290216403974606
-0.2473154629931515,0.9913799584130366,0.2304805541423786,-0.45454855807969685,0.2070165360807037,1.2777314152276513
1.8451109692795702,-2.654337612960152,-1.0230812290615183,3.516709977683937,-0.6521181770150493,-5.797854283190247
0.5734654446901646,-0.7205447739741374,-0.3808712023108594,1.0862934034146916,-0.26673851284981953,-1.7614333508347
-0.5890169749430951,-0.36175243941031976,-0.23732011511433804,-1.139069049483911,-0.3841112788825418,0.874228619890812
-0.3176409367412853,-1.1511192072372651,0.759344909305063,-0.6263839152150104,0.7094957511466206,-0.25206352953261335
-0.9521539501496912,1.8788013660190446,-0.9842093160347365,-1.8618175163954485,-1.2311516470734072,3.5288402753009698
0.6645714083963178,-0.8148460089651124,-1.2373279649087319,1.2490113072255087,-1.1140507640112893,-2.010057839705418
0.27442217711145545,0.30741573957803986,0.1190682890052259,0.511108799536015,0.19989289689060388,-0.3228545367026773
-0.7745620898416703,-0.06800657715856928,-1.053858699511903,-1.5082070130354515,-1.2692070274450349,1.5266874895150708
-1.2690420845819712,1.8904273183184597,0.5254780558232559,-2.4119128459551513,0.2791234681059721,4.077258239468032
-0.20864637238829292,1.204362019389005,-0.09617714771460856,-0.37555527898622504,-0.11583876653494299,1.3960553586698712
-0.2649836183920347,-0.1152458266104147,-0.12661175655686244,-0.5097189395479872,-0.19099025648237605,0.41704077057179817
0.4321959820748621,-0.6881320443053716,0.5250934759219916,0.810977059661871,0.6496717893266905,-1.450941488351172
-0.9741353583045079,0.028316342717401598,0.22063087310718088,-1.8700163409974657,0.0034862083545579067,1.9329255287581089
-0.646663017800666,0.7729479931723802,-0.5942239192007309,-1.2414093088149778,-0.755810915613237,1.9394021371097978
0.33141864007074506,-2.1001162889603378,-0.035952710497264305,0.6393541674014973,0.009261071303305819,-2.339240184671387
-1.070544293284065,1.1851402504549904,0.6174466812437234,-2.023700312323228,0.4037532199233671,3.051098285972476
1.6029157117086497,-0.15215156344889597,-0.16135271821791117,2.958040869659728,0.23844512294486983,-3.3759014945256305
-0.4746231678672746,0.061876279383451506,0.4407012308033835,-0.9085107788346231,0.35221780507542305,0.9605539200214865
-0.002751370335535989,0.062461597813437346,1.6783236889030222,-0.009741587399230285,1.7546849548214332,0.02513724769975694
-0.6233974728460129,0.5496726969134184,-1.2092812620937374,-1.2198847478033643,-1.3905994868108769,1.7553694596163558
1.5896465017729584,-0.8974756970340456,-0.8476195119859123,2.9648594134324484,-0.48244261864568316,-3.916146707647541
-0.6721325802545696,-1.5516748014856183,1.2392748255538033,-1.3003676920638152,1.1282728021049002,0.23597505405682964
1.9763607400989949,-2.9268011446912476,0.5152512119889334,3.87029740670538,1.0462177156960584,-6.392674570829821
-0.31543711997194657,-1.490718468113932,0.5893459276309555,-0.6263007097736116,0.5264742826782194,-0.5057388533904096
-0.09516445056559723,0.2447723416260222,-1.9900459715561893,-0.22502592134185806,-2.0365704180264874,0.46435645322264923
-2.156870874590734,2.3699578741200455,-0.06314133951615307,-4.176526626851549,-0.5444149320365664,6.274079300936276
1.3317141712455534,-0.16668296427301982,-2.5480984594622016,2.4191881507588695,-2.1296902514981397,-2.720852387723728
-1.2205923988835816,1.2981057484696088,1.551745629903964,-2.2624701504065943,1.3025258951975658,3.39204975937581
0.09342954116423169,-0.3403364254315562,0.7739140601261459,0.16191078034649656,0.8326220424954869,-0.48785724424012206
0.6340124775917566,-1.4392650751878604,0.627468960178944,1.2204716575262433,0.8050980544667079,-2.4453218894735316
0.29679029663219486,-1.5141979675887192,1.115378893424342,0.5668083276336717,1.244119009798284,-1.752330227685984
0.7896746445969256,0.01477250076657634,-0.5913359817704368,1.471259127129641,-0.405087864270183,-1.5743081260355278
-0.7315592830568842,1.4614090828523927,2.195055908924966,-1.3192163604321088,2.100280582963014,2.5650003023530723
-0.08155983997820931,-2.3822925324347057,1.0110208574903512,-0.16930991811615415,1.0409592853177247,-1.5556901605159128
0.921962396783651,-0.9185385069724902,0.37846819613172694,1.7503937224611894,0.6147932823915646,-2.6466572853364427
-2.973464355162981,1.520010908449693,1.375892137675411,-5.486202524070039,0.7122202914273066,6.711994578004323
1.0579975777029373,0.42347082847184503,0.5963739568990455,1.9460755963968444,0.8980924849706554,-1.8164527923485736
-0.4377614628668158,-0.5586595743775138,1.0567109361046474,-0.8462567979746293,0.9980687881975553,0.4183616743430708
0.2246410759884062,-1.1324818666203063,-1.1235134410256047,0.4213324421428066,-1.124911323460097,-1.3953858573557087
-1.6737865491801815,0.23088205359159522,-0.8877464118954808,-3.2326371337693662,-1.3150983860846728,3.590923060221369
1.013608645274352,-1.8233050804536708,0.9128613305950088,1.9735076683793513,1.2124688757831625,-3.5176321154884316
1.656701401811468,-1.2041914085308814,-1.336548998937026,3.0838940172149405,-0.963521179406119,-4.257841034402134
0.18577437812859143,-0.17609962376938842,-0.16474316154403026,0.3477161034295197,-0.12515886856860367,-0.5367830287255209
-1.1767845324196833,1.418071594102058,-0.8002756805077881,-2.2954630199681603,-1.0998688789452067,3.5709195793148694
1.7534651883619843,-1.6038730863975446,0.6083871256745407,3.3626833472512243,1.0694354352879065,-4.918182617826447
-2.3603058539466995,0.09939383817347576,-1.6558408052682385,-4.4796387979505665,-2.24729542822086,4.918347282679317
0.9890246146441176,-0.33703892099514626,0.6080792871297579,1.8479735016999084,0.8815778046741454,-2.3158577023025995
-0.30116643767011614,-0.48185252035749854,1.208932437175118,-0.5844279084010721,1.1924053403383443,0.20541387233392364
-0.6323776750334439,0.4734728793410348,0.24594473215700802,-1.2020726306738423,0.1183358328844872,1.609863412697004
-1.5993300965475554,1.5499475922946309,0.18673835767914118,-3.0687854109191206,-0.1694773960653219,4.437324425623402
0.757375938395924,-2.1341144204355538,2.664865212851651,1.4374056989202542,3.0624102996291827,-2.7759819807992234
1.3696929241100921,-0.5477993724906673,0.1886610395945369,2.5639882614226326,0.5331754769755209,-3.2619952639585903
-1.1291630188145632,1.9258176670824187,-0.9716506033719999,-2.2181196264185425,-1.2615165335093272,3.9247885447953634
-0.2299333214540319,-0.6189961677897564,0.08779324063288654,-0.4498957196614674,0.03133015776763329,-0.05429744273608599
-2.0476528850501987,1.8792390951989633,0.4597667934210007,-3.9027911060410774,-0.021004540576342247,5.581420179519456
0.7148294015549477,-1.6138564829818889,0.35962015903620015,1.3835154911321672,0.5353863116708463,-2.758046625790162
0.851437644415614,-0.2746073744121319,-0.2865126510730047,1.5922904869572168,-0.08787245431334753,-1.9556127074695702
-0.14892112975526095,-0.05941719312103794,0.13179505045555995,-0.28867372201546454,0.10536244891806143,0.22344120562087535
-0.3960389082450231,-0.5318697744095018,0.09758940519380369,-0.7685501755834564,0.0046793915218250985,0.34780606795851926
1.7639281170574446,-1.436853675278322,-0.1867203554782574,3.3436585631470135,0.22783792726940735,-4.766307373307297
-1.5967100889311632,2.035305912134554,-2.701305272307463,-3.2582058112170786,-3.1569355512740285,5.225549769864071
0.6770009769188656,-1.0204130728232694,1.8894548326385932,1.2883811424757738,2.168208965334359,-2.1024129505372424
0.14655494630259192,-0.32304704514186766,-0.648165249728652,0.2747719331964072,-0.633685983612023,-0.5709407704459463
-0.6313733104686028,-0.29316182669540614,0.022919507178399693,-1.218191362171634,-0.12358758648409887,1.00665759533533
0.814271339406374,-1.0252138360584366,-1.5430306442465132,1.5236861725124151,-1.384854763769958,-2.4776071939993534
-0.884876272470931,0.11409247543917239,0.5643741299168084,-1.689470666084523,0.38074616493836705,1.806539743850154
-0.3666899352325087,2.3030385277167467,-0.06946827765481738,-0.6448848580488291,-0.08632604084628175,2.6771584748503674
-0.5133382244586477,-0.2822526640435307,0.7696161176025468,-0.9882023277086964,0.6812251818360696,0.7675936857138767
-0.158507042586227,0.19780743905142778,-1.468367017715347,-0.326037891029385,-1.5317868581779412,0.5194058972917602
-1.531612413754968,1.0469077986282245,0.8181377704181573,-2.8933066493726782,0.4705539457767921,3.8153668743637796
-0.34860070998768605,1.0062216360040126,0.08280772495657787,-0.6468106257125902,0.029321730947637237,1.4969827185455178
-0.28657642661765714,1.038118829687548,0.1102333661026198,-0.527673907638584,0.07397412618989052,1.3998124825019607
0.7757463604075641,-0.08879034767007862,0.5521851483058628,1.4412257110249753,0.7696887455335316,-1.672219341638044
2.3327127918880306,-2.422177420437321,0.894033137842966,4.488250647737527,1.5594635810831978,-6.743792515983993
-0.39001115209973714,-0.1589749764989653,1.3408651739686603,-0.7450088404522215,1.3072428223442325,0.6162780643365521
0.2621387562339916,-0.3553398249666964,-2.7553581626678194,0.43722224018848177,-2.6610634747162583,-0.8045744869946068
1.7536327750462852,-2.863285164882311,-0.6599688688036296,3.3848610635887084,-0.29420746894237254,-5.820553246444526
0.5560182306087501,0.47309387791725793,1.141158543001302,1.025316574487692,1.3382568702780595,-0.7674499908394095
-0.10129613985125699,-1.102746221407587,1.6742003996951578,-0.19535323449495448,1.7354902864173667,-0.592658129412993
-0.8041161391225039,0.7473775111763229,-1.1543130424797736,-1.5719705949143057,-1.3817819960213455,2.2876784877960996
0.4136560516643684,0.5684132796171208,0.16606615332139976,0.7691098877988584,0.28856689024059196,-0.38282529850557984
-0.905709672820746,1.031268408090983,0.7512810336761867,-1.7053105868360496,0.5806395044011347,2.588136755027856
-0.34896134261325185,0.09288290429152497,1.414017781200757,-0.6625853943184524,1.3928951553722402,0.7239010292809515
0.602978756224521,-0.9014727385057258,1.644031410069253,1.142745020436851,1.8859682497667885,-1.899136298064319
0.9488828066405701,-0.09685432048195543,0.22449616607929707,1.7636849163202464,0.4699248375015437,-2.023534851897358
-2.014428355962921,-1.0151151134802316,-0.7371133698957426,-3.8271170820912497,-1.269031636772434,3.259578619321541
-1.5158648836941002,0.11979893591502092,0.4029453743802799,-2.898576968753814,0.05258281666193593,3.0583225428658367
0.48557074991250915,-1.4970688204627016,2.7092990142225544,0.9244925700796772,3.0213026432372616,-1.8530353990537292
0.9521276023773352,-1.43045551800265,1.3617314440662058,1.8335308430850175,1.68036333670654,-3.04781871386123
-1.630008485345457,0.1399212554648034,-2.7512305105656103,-3.1881766461062027,-3.115616366555207,3.587036794775623
-0.15538164159644985,1.1883946078447942,-0.1473607103499569,-0.27506628607017747,-0.15601441144018646,1.2795195373595258
-0.28250721738164836,-0.38409496286822203,2.0081246353998865,-0.5226347728402617,2.0339189077565347,0.2589953701244357
0.6189377131806718,-0.49889361665757187,0.3314469115564435,1.1615932251215106,0.4928090966764418,-1.683786362179089
-0.3758891238650442,-0.10016138444648995,-0.5299833786943232,-0.7250136718703494,-0.6331912278446193,0.6644927117745464
1.1506561619247402,-2.3443891692098195,0.6681033181244604,2.263310186968191,0.9836626720331901,-4.214163988507899
0.8198532639435786,-2.1305838393629104,2.621430209061498,1.5579073387534401,3.031506957533626,-2.917778765749817
-0.8911497962946716,-0.07461599098532729,0.134259340445824,-1.7138971436798356,-0.066752712598864,1.6919659675811443
2.746876813779031,0.8635545429622212,1.1213161549998885,4.90835987886041,2.0654672785663832,-4.953087904936482
-0.33576828198848585,0.6005045966769125,-0.2734271526215284,-0.6341301558578372,-0.3467687529400258,1.1505027496362124
0.45248205094590255,0.40446460392108813,-0.48096211385555176,0.8470755375649046,-0.36836625551543667,-0.5746559866106716
0.3424702076180956,0.6106629407649754,0.1126091868046073,0.6391893735662368,0.21712694728811816,-0.20408461839360847
-0.7650902992772943,0.6181408933972573,-0.2919727678677273,-1.465812387796898,-0.47182499465515004,2.0258365946316883
0.8583892799448064,-0.2935446017374629,1.0683200092368803,1.6030599377861745,1.3372853050750342,-2.0066814915061575
-0.713470486231971,1.710848168480213,-0.2637135672872133,-1.3489961299666176,-0.40518486691639605,2.847590148139354
-2.265836208567605,1.0697983321577955,-0.2864623103905861,-4.346939371475416,-0.8126332979376335,5.370031454192426
-0.6719294406903171,-0.7801459577305233,-0.03658218260095407,-1.3066816570731794,-0.2011119617964897,0.7131709311260471
-0.6574703505036142,0.8354415270700943,1.4456785576032243,-1.2228868761812368,1.3487896668684523,1.912408861337285
1.0542135932070513,-0.4577470735804077,1.41059486731081,1.9808894546066562,1.754691770839758,-2.5228315022116625
-1.5015808681617082,1.795100593476243,1.7274107908164635,-2.7746356217409165,1.4055547404990618,4.375616190851594
-0.735485883114349,-0.04380719789920768,-0.6439227636994915,-1.4239546036628004,-0.8359178523706906,1.4440394047874625
0.21588387992368652,-1.901626434474142,1.6243780916311277,0.42213675310740495,1.7682248188268144,-1.7739457611571714
3.694884004155104,-3.561209282423051,-0.9278380225067587,6.798875122425887,-0.1979566373218056,-9.979510097374922
1.4348302092788026,-0.16523156522372381,-1.6226618020586516,2.629257202765874,-1.2480048297832478,-2.93775385034189
0.644651020828311,0.8162201279755518,-0.24323588481054137,1.197143841629413,-0.06650558669889464,-0.6098795584764974
0.1311413357916247,-1.5609699771292584,-0.2578693405739625,0.2461910201028891,-0.2656017776871271,-1.526121612106557
2.0693711904060903,-2.9780766816488655,2.2483995526196456,3.9390347748515095,3.0561872442366935,-6.226041408155494
1.5884638174514418,-2.1594744727444635,-0.5512656547768606,3.049814562485161,-0.21251847194267828,-4.9534648336014735
0.6199189322936464,1.2670442220806424,1.1063438435446193,1.1474947289405024,1.3462602693103045,-0.22481788093751184
0.1801879016773269,-1.057649233664915,-0.12327777453309244,0.3399613000063774,-0.10191655644831343,-1.2320390578756246
0.07394401889087596,0.47014802754180307,-0.3516326483526857,0.14214289659956827,-0.3292200996227459,0.22825547860779724
0.10644874482477468,-0.5940127886738991,2.5503115806926413,0.21741836131613376,2.7283251873202254,-0.6057215734684394
0.3763429879184993,-2.8163654627096713,-0.9460628015115969,0.7090666442350111,-0.9960439049709398,-2.9982334757769475
-0.05490986247297795,0.939947462657747,-1.3047055163766925,-0.11807621209449558,-1.3255251773014292,0.9497082338443862
-0.3000025957225942,2.641531462362336,0.25935427032107883,-0.49995665819533713,0.29727515435104185,2.856355458743983
0.17944854907589403,0.6130564241901406,-0.9695108262400063,0.3355796973276298,-0.92724550896587,0.17091604644451538
1.6326912947051164,-1.529394786302089,0.7110809180271586,3.1342092829076122,1.149357331341474,-4.6082391140670715
-0.34902067218226523,0.23576343738753433,1.4244529732060156,-0.6600458403269917,1.403487926043234,0.8332392310296426
-0.9204399839923759,-1.6110022124273686,-0.37776792540429754,-1.8061933951003932,-0.6214844181026675,0.5870473662449885
0.2738538074610599,0.8901603210002905,-0.003603398659428065,0.5182712676103592,0.08892565591039166,0.17284965626388096
0.6692763277552503,-0.17426267755719899,-2.8396445738564995,1.1954068012185313,-2.5984608392450568,-1.4509623196521535
-0.19239797839711625,0.7182305402609267,1.272897302264695,-0.3607180237510622,1.2903006448677652,0.9152322336671274
-0.3452273122846121,-0.088664147007414,-2.324342606198618,-0.713942162831964,-2.437825304072085,0.687721480353498
-1.399191397045755,2.728034744601829,-1.3935408753388456,-2.8120443495978322,-1.7572256470469783,5.201331786312973
-1.1339748087360881,0.9884221386223769,0.06604877013331695,-2.169755469761718,-0.1844535358816237,3.043517421828035
-0.07222380504927961,-0.18389457153470914,-1.4984696347844502,-0.1589648575727711,-1.5455193448666409,0.00943304793682194
0.27320507866643323,0.13139118034202263,1.7437842150165035,0.5079129443239938,1.894120124843549,-0.46610537873783914
-0.15481226770659579,0.29170860600878445,0.4491559190757018,-0.2973861354011336,0.44029149049368815,0.5094946154763643
1.5254850100716082,-0.17143499202263396,-1.259250217060469,2.800619432274465,-0.8758891826814397,-3.141144156288696
-0.21423603483210246,0.48828347876825073,-1.2672157798653605,-0.4265000742151388,-1.3387271921901847,0.8738324736734312
-0.6487178881906115,0.6236769208191091,0.6113095357542578,-1.2261829358129241,0.4950643051958902,1.7481885235606314
-0.8466134341122223,-0.5012158800941872,-0.11207145962367936,-1.6397556560577173,-0.31538222336977645,1.280360476151074
-0.826173011971542,0.6846927064377616,-1.203433759627718,-1.6169419629011124,-1.43862433895608,2.2842416493887234
0.4926876027095806,-2.0820231560588423,-0.8921337849997741,0.9439635940519726,-0.8686582335668946,-2.679889135880431
-0.7358156493948504,2.3899454056723624,0.39824850460121697,-1.363180926201787,0.3101109172262509,3.491697047185273
1.4021232867348756,-1.8030527440572273,0.24033744906960303,2.7118378677743022,0.5831283250665027,-4.3402460907005205
0.6227467245917727,0.2792850749424301,0.5565127969482788,1.1501413053419414,0.73997370838866,-1.0555574213652337
2.121918342408267,-1.9231535361569705,1.0478958576616515,4.070477192807254,1.6415862672618944,-5.910025490411578
-0.30763175519374986,0.0863730343845675,-1.2451656547980312,-0.6064895987056093,-1.346568724366414,0.7138729868216238
-0.08641100880975087,-0.7383016706452117,0.4850603969674251,-0.17865018433430144,0.480290073072002,-0.431242676177899
-0.060354582219858344,0.41286882096826105,0.14886951531888915,-0.11425863714048758,0.15292939233108663,0.42938346681539585
-1.3383320241411278,1.7646317735462052,0.2940510204193752,-2.5593707499521776,0.019372207008269048,4.108923674686544
-1.3556754788009266,0.6374975605679312,-1.629496084826198,-2.6615504209611434,-2.0070520570654917,3.37101311024915
-0.6655996910816634,0.622636037962274,1.584871670675221,-1.2374505291823046,1.486125328906066,1.7474547577542205
0.5743913729808818,0.6000014618677728,2.4696368520305785,1.0829800058268642,2.783885171744453,-0.6967962278110917
1.2863735046221432,-1.0598050010461986,1.4163917549175522,2.4523561375940015,1.8218494138007062,-3.4675670964906815
0.9616970111706519,0.09857870227759509,-1.0117346720967206,1.7805444093223066,-0.7762975765602417,-1.8224154115016236
0.2369182591277737,0.006859120711617367,-0.2632293864952991,0.44480471319908343,-0.21007539630312952,-0.4866430872944393
0.4321285197044168,1.0986811884687566,1.0359054132503691,0.8014372880969289,1.2140779858879707,0.006718724582719021
-1.570982896447489,1.1639297240088005,-0.019839429806124756,-3.021343550302515,-0.3825419604814674,4.0650551852597445
1.8130035872545127,-1.9050034235278872,2.2242736709402324,3.4700256710639876,2.8298344274877225,-4.984760640285174
-0.7180661613243744,-0.8581248671709353,0.5242766494096593,-1.393917895704766,0.36878373894138017,0.7537378462770605
-0.35081617684477817,-1.7028971151500012,-0.9900163654129251,-0.6982965994224255,-1.138947355125133,-0.6797244030969503
-0.7702898191106854,1.846742870365524,-2.2991162902890987,-1.5860001760134435,-2.5470144294095665,3.3096906426602097
-1.3403409804299897,0.8733233177139915,0.017197308782568917,-2.5727759208756646,-0.28970822783862554,3.360107720730342
1.485436033318116,-1.0940306428667783,1.3995328456167089,2.8303696861390084,1.8528943970818834,-3.9111515075102297
-0.41233177367959156,-0.7666836062161938,-0.26387147890202167,-0.8032290197802657,-0.3774585972531021,0.1976313717193005
1.0575945507783475,-1.3037502797288072,-1.3838605018867025,1.9875664187236108,-1.177976385832704,-3.180610514346946
-1.70874895143945,1.6167842247778759,-1.036800389370591,-3.3581830852909977,-1.4597769106997684,4.827879284743463
0.16555695291923295,-0.8023686979951182,-0.08616135961326224,0.3103321750173177,-0.061335041807305396,-1.0006275067489918
0.7535674977527971,-1.3061060808764744,-1.6733133601332135,1.4115439397040903,-1.5445113558159949,-2.592812862312939
0.2081605619671787,-1.215108606098246,-1.6180876506954756,0.38093736283593405,-1.6304297832075745,-1.439360721601206
0.37181003337385127,-0.5516660163768814,-1.385536505211194,0.6921108606805467,-1.3266378734608815,-1.2059871185675684
-0.0431409226774172,1.3050325684958026,-0.6016266299552042,-0.06442854702329447,-0.5930245956920729,1.184081579701818
0.5478924615954357,-1.4365528652460733,-0.25058573407508183,1.053356039839026,-0.15551799484748985,-2.283142521528122
-1.3741774066140149,0.3432895672555794,0.2112890043026369,-2.633312802909911,-0.10429371188925123,2.974293242258421
0.6243240633145347,0.7661342399155621,1.025584869384955,1.1503817307154656,1.241445155453555,-0.658779615691647
1.0946508282246765,-1.0479172564447345,-1.7000582114232856,2.0372453599959437,-1.4598329442260953,-3.0383428702701116
-0.4635347975111529,-1.3938398625259751,0.4707648699415822,-0.913300724961299,0.3666152570528445,-0.14216513658546737
0.031004727272763266,1.043348502562921,-1.3850623548534797,0.04452849022899374,-1.3815560255568493,0.8765223639349792
0.5984433298811287,-1.0306499745509057,0.58346555982988,1.137712387653223,0.751144413077314,-2.060244708993844
0.5254346263664597,-1.0364221824353799,-0.44426482263422956,1.0016456313380604,-0.35287094774378636,-1.9196360504162067
-0.6669549603491695,-1.2639954268086553,0.5876186752982032,-1.3035648567089806,0.44238494130089,0.36856887762919793
0.8050577814889243,-0.3822196092695894,-1.0878582961950722,1.5041729199175016,-0.9107573722842345,-1.9258685703850824
-0.11518496953515554,-1.1195483312049246,-0.8706962680733978,-0.23165829246712058,-0.9442283321700328,-0.6946950678098095
-0.35348503957436156,1.369385983594828,-0.38874857292607373,-0.6535250591044838,-0.45232454768349617,1.8409475407300906
0.4067367117519705,-1.1425816499674843,-0.40205314354615457,0.7768044552265176,-0.34093655898123976,-1.763866494827763
-0.9192110420889466,0.7798295317300012,-1.6202343892790014,-1.8193947273535078,-1.893438864917287,2.6005697536762233
0.5519553113442275,-0.19029075949265256,1.6027292295463242,1.0296468200879711,1.8216143273482963,-1.2751617770552723
-0.6206835645098581,1.1871397902468535,-1.8238337630415304,-1.2504718573714269,-2.0210286411329723,2.3684086078356823
-0.3601393096756324,-0.490067663098607,0.16950066794028865,-0.6990365006717278,0.0885027782679057,0.30766547047967135
-0.09631029012732867,0.2864745383840887,-0.10884704813926999,-0.18237521528479037,-0.12509043226009858,0.40586165037776384
0.18338494827455543,-0.7329476725677989,0.9295171829276355,0.33451495391238867,1.0180165018370202,-0.9643818031046119
-0.958822997025213,1.2819269952673313,0.29897546370422934,-1.8176280534729807,0.10857771432686052,2.9321736125256974
-1.120863407843429,-0.2515962126545654,-0.2647249698601604,-2.1671746918348336,-0.5354541140373436,2.033949380698919
-2.9465195945151166,3.1095620727485604,0.2602252081134854,-5.611543148364482,-0.49184122993087603,8.486808311648806
0.28059356482278136,-0.09554673702445514,-0.4317251289780717,0.5278809516484017,-0.3744603294297746,-0.6552428688620913
-2.1395357938147406,0.6907258876826143,-0.19714098054263046,-4.098099406207172,-0.702679390400254,4.799949784530834
0.4257256106331587,-0.983678324471349,-0.9165180171053194,0.807213408061446,-0.859745379321891,-1.6754953288723602
-0.08259920596229862,-0.27596584492142534,1.7682918028273964,-0.15872261912866145,1.8319074989253656,-0.06327914791276129
-0.637190357232239,-0.14117818348400166,-0.8250454501488665,-1.2368819619368006,-1.000021448176482,1.1725610633293084
-0.1966480942193421,1.1935720565185721,0.46754856619197943,-0.35475738976299936,0.4717188199696644,1.341669420935005
-1.0473064298475552,2.2073430711119184,0.34636329857822845,-1.986199473119059,0.16778981456021816,3.938865984371819
-0.5665414987634355,0.7225923614181567,1.226200792799521,-1.0605215254412867,1.1479431575797083,1.648824327289778
0.5357506007672486,0.2027712836781198,-1.13144139334229,0.9974089586097564,-1.0058541413861293,-0.8866546386945436
-1.59213465068269,1.6519542814002974,2.025647470294014,-2.914191865954447,1.6709133609750506,4.379432365831177
-0.44305905917821864,1.737209012085914,1.0955358797823784,-0.8057627204075221,1.0782310642233544,2.2968583027949454
-0.6916324674998887,2.1064142896028373,0.8413403852341238,-1.2733421169579835,0.7662374729038082,3.1350676447421364
-1.7552425950594623,0.5777806986908525,-1.7830186607532847,-3.4183606832340487,-2.2467019937458397,4.144568744154409
-0.3404775182544045,-1.9443113480341783,-0.595138552692396,-0.684065875426519,-0.7318938720436784,-0.8656182218443885
-0.08478121078872992,0.5780463120979875,-0.30508367650486723,-0.15583660086684628,-0.3179623941632427,0.6326819495407943
1.3414949004741519,-1.3498256257580519,-0.14399988056841628,2.558604461942071,0.16243367903665343,-3.8408936954594055
-0.1834231123682381,0.6223044019555402,-0.6975317111034074,-0.3483886737382544,-0.7451138596190342,0.8880542732837515
1.7794720679711178,-3.067041281625385,-0.3466168476528117,3.4663275566235425,0.04765795615661201,-6.057987789045934
-0.37263083285731735,0.9210200181090522,-1.1808906903292409,-0.72801131166294,-1.2890064003541415,1.561624357086174
-0.922400892512834,0.25415155898249386,2.030066222606591,-1.690423521419976,1.872472386009624,1.9242020294070077
0.574177654704442,-0.9167687517019935,-2.1511653804030377,1.0543043395193967,-2.0264566052519792,-1.926878383737979
1.1312443417953768,1.2241341754440116,-0.6365159924179659,2.0718334480456115,-0.3295796857358058,-1.1688783330943062
0.48358578106261485,0.02883498396535273,1.400849720224992,0.8958048328128698,1.5894853791442942,-0.9763012663537008
0.1509647505422968,-0.6244636419207727,-1.0003784927481483,0.28048109327492976,-0.9987845938271251,-0.8272994125842466
0.5742615219609579,0.6575097900296478,-0.34224356654403787,1.0697152906380778,-0.18964044582682998,-0.6040848026594726
0.6193883119128702,0.09096898428160018,-0.07992066263044999,1.1536287671000756,0.07450212778891657,-1.1881459899820288
1.8902777415539935,-0.9388256099247272,0.6450246367668768,3.556079426674896,1.1440135959260045,-4.670389819419322
1.496697084815628,-1.2473705336632321,0.21564941893487652,2.849574493992934,0.5844662290198565,-4.0960317193390265
0.08411010921607721,-0.6184566609675118,-0.5724705684529896,0.15594946261998055,-0.5788377196406232,-0.6890113274768482
-1.0218542816613352,-0.87183497581777,0.6251685915781339,-1.9747503252377614,0.39991538353431777,1.349560871859839
-0.28412149761554695,-0.9041576147776309,0.4529075691292218,-0.5595867092117518,0.39685761187922336,-0.1549909556186041
-0.5997940330723667,0.13233210543037838,-2.1436340300780516,-1.2051510196203223,-2.3284954555419777,1.4098127758780836
1.83198474321259,-1.700280028173301,0.46754509092179847,3.5120713844569433,0.938884538824715,-5.154463482788294
-0.739858981509352,1.7350648667579176,-0.1063728708215108,-1.395522965413261,-0.24516169191869602,2.913403274731311
-0.6054686624306145,1.575986647774812,-0.9118451639699101,-1.1650180016110756,-1.0648087062408926,2.563798465987462
-0.30260389221621714,1.0142928746336268,-0.9937322291315356,-0.5823970223965927,-1.07468654801748,1.4831950007480559
0.15385895581860543,-0.28864357424913667,-0.9262719108627888,0.2861070241499555,-0.9131782880842295,-0.5521349355364752
-0.07715362438879986,1.054748185209247,0.3203103877741337,-0.13320997666439327,0.3435487168141671,0.9922469301137214
0.818101361638125,-1.3742899531544777,0.38055066652799396,1.573647462168205,0.5863267742647518,-2.7892998887302363
0.2010889206928136,-0.7435652020664221,0.35818372599075216,0.3730560187916791,0.4152893249213155,-1.0226809825469807
-0.20261975827542966,1.1442902025559143,0.8622079530007664,-0.37018080239525114,0.8764464036930328,1.3016536661008866
-0.08489518462366975,1.4364970867784783,0.12734892132767497,-0.13465313407434723,0.15560081319272137,1.3415571762031386
0.6319857309970308,-0.8156760523012089,1.0482432862801725,1.19304177523418,1.2582599789262827,-1.9468879978811289
-0.23634186038649863,0.7253046137437462,-0.37147925932579096,-0.44231152465780404,-0.42069048325251823,1.0614523609514301
0.14279381296190435,-2.453974252872214,-1.6411409388208995,0.24928992644346515,-1.7642721588977286,-2.2888397346589966
0.606485425339028,-0.4757933304138171,-0.09570474189390597,1.141454450611451,0.04248731207022917,-1.6329250544289144
0.9190370324380988,-1.6825169987004693,-0.8293762984232456,1.7577070034644122,-0.6736922995161173,-3.2230482822106237
-1.6174292142587428,2.806594207339449,0.41237713559161376,-3.1211062894872157,0.11181459661983381,5.612062172763056
1.671358853800649,-2.808841616045579,0.6943436966599983,3.2901518250487385,1.1555294193916448,-5.6574788961701
1.5424770224253095,0.05337671367377025,-2.144875406769549,2.8038602847220893,-1.6977498343584658,-2.924370513859291
0.9362491137653839,1.103069204040558,0.8512551443607875,1.7181619593314168,1.1550121675692488,-0.9928008365201283
-0.21849123404995552,0.542529990495415,-0.9070694994488261,-0.42218726322352695,-0.9707560016996576,0.9041865902073696
-0.9719023485556011,2.650347715850347,-1.25154545121762,-1.9236058092167159,-1.5047210887765468,4.260225145411623
0.22446663814753715,0.6116141645934666,2.3517960277778696,0.43711156092007747,2.5352719895322817,7.051813160939904e-05
-1.5049792280606453,1.889355933632739,-1.4118325624068055,-2.9935726760826817,-1.8139221531942507,4.700922092845861
1.2420048213666228,-1.2519415834054843,-1.432199620880453,2.324565539180705,-1.1719279509274958,-3.494038464344805
0.09396861043505902,-0.7225240031480782,-0.8080953958220797,0.17362409646045646,-0.8201399111936427,-0.7939945012073892
-0.5727738270914838,0.5524567443971099,0.26227825130404625,-1.0857474731818137,0.15104238359140087,1.555471846384359
-0.5651487181173407,1.4782583935472096,0.742055150628227,-1.0455425814680799,0.6726175006202249,2.3101920565450116
-0.13980922248263467,-0.5904157341339122,-0.007548266642439908,-0.2756564234364782,-0.04669541171998592,-0.21421505966588356
-0.778311983106457,1.4063114856786285,0.47646089049766904,-1.460460469432616,0.3419007897223987,2.6756058449844375
-0.22708196240120943,-0.9863830373238306,0.11286997073605295,-0.448478492006328,0.05194990504662835,-0.3416489275486748
-0.5743589425595089,-0.8380285278249621,0.3710025556838981,-1.1179401052343028,0.2434298420745942,0.47737443786121325
0.48353526554831777,0.4333467318726588,0.9817265821068197,0.8904334907463737,1.152037228181843,-0.6539902198337364
-1.1305663274683084,1.499499768508383,0.19511643687033306,-2.1562357719654557,-0.03699416795653141,3.468317064812857
-0.1552668965465176,-0.1035684181049584,-0.8042746740556469,-0.3030445416162435,-0.8612245563913659,0.22450009555748912
0.2788195710008278,-1.2065608220360302,0.39278819311692503,0.5278944509791174,0.4652793051661472,-1.5369376668363022
-0.06685547327260626,-0.26260827760316363,-1.1098457055080464,-0.13886807501073464,-1.1534047287248266,-0.08058016098704049
2.107979507510372,-0.5779684914988115,-1.4386504543288476,3.856729635716123,-0.9178402354550506,-4.595687895548792
-0.2859904388694979,-0.7622196691396724,-0.5683920670080275,-0.5585247458071457,-0.662867877857213,-0.056274986448366565
-0.5199060735184893,0.6255487536772064,-1.2550977911447394,-1.019771863244037,-1.4093741959857191,1.613426809094885
-0.6845223589915144,0.7719768816544025,0.41567060618266455,-1.2935090362064847,0.2868334283120538,1.950091526593864
-1.0579503226388427,0.21887174509557505,-0.00731482543258935,-2.033435329411492,-0.2508460903656457,2.265076783271013
0.235787377692936,-2.4587447559758013,-0.13641496244613494,0.44560807766330596,-0.12308304726003959,-2.410978139362439
-0.2738393833159097,-0.48448992932182744,-0.709865164560479,-0.5332142945651588,-0.8000384958867762,0.14593250568546426
0.7365770620053579,0.6918348762498762,1.3858066095774895,1.361141246473913,1.6497747503793876,-0.9500575003363607
-1.3112326102283614,2.6770692632345043,-0.05371323806451477,-2.545219355436579,-0.29274567514126054,4.903678641029107
-0.8564406540442018,0.5044533017589428,0.7776993462926411,-1.6213499394366089,0.6115450699937618,2.050770761657022
0.46389291886097805,0.37121504882657413,-0.17899886023729067,0.8658067925444446,-0.058926354777742586,-0.6371984119745375
0.33441581879431503,0.7956867061598527,-1.0481529510671308,0.6261016724433622,-0.9610471936894895,0.028050506294211776
-0.7572681290400077,-0.4753764873258418,0.2900554668812358,-1.4629538039824652,0.12143467311612892,1.1126827427603547
-1.4237446622380694,0.7665295806807363,0.1063833513550903,-2.729638878260093,-0.22093341003542627,3.4277954171523906
0.3674231835583393,-0.3940666405490382,0.2624047840884092,0.68623783329536,0.359377577140006,-1.0857703615276444
0.4372801150027726,0.9617863889666228,-0.5086549710147745,0.8233671796840761,-0.38424706336667214,-0.062423969353924906
0.3924219917678522,-0.11988526346881148,0.43718650882172505,0.7276713012927062,0.5525915706082937,-0.9170994589049551
-0.19546698091342984,0.19161462671158191,-1.661703167109349,-0.4044444083208924,-1.7373175254587225,0.6007694046627315
1.221845021202864,-0.7905317199497107,1.0852428448101026,2.312462534672695,1.450026901380348,-3.155271802998461
1.368037389388235,-0.16738108949172245,-1.1072927176577974,2.5210890412432683,-0.7701373496874647,-2.8430722128599775
0.745416217166688,-1.3049640445788206,1.762020494667282,1.4284340477471753,2.0535691333463104,-2.4618052501618224
1.2087908172288844,-0.2424608252271648,-0.4101178965302083,2.245918753377074,-0.12057186034657719,-2.6404966350262487
0.24697484249351143,0.9698940686112679,0.0355878463773789,0.46985454941417004,0.12528325275092686,0.29212823489795975
0.7525057943492275,0.8450418515949283,1.197563586564717,1.387178306899235,1.4598278437952912,-0.8524910427544299
-1.8014647657327576,3.638405601120029,-1.612455588808789,-3.6748283209863923,-2.0673006492634727,6.833848488392638
-2.0335858020745534,1.3675266421145216,0.7886105368969476,-3.8352443295865473,0.28956925933126476,5.061748894610775
0.14692041465237593,-0.4232155353634588,-0.15526942398441126,0.27425122163915333,-0.1298419413620613,-0.6595452985783867
-0.10505356224684277,-0.3141563699479025,-1.432483066816568,-0.21953710939066812,-1.4905272656227846,-0.039302736313250375
-0.2664970035353239,-0.439877473011812,-1.0130365326335395,-0.5223751010842212,-1.1075317562557774,0.1728571626974514
0.29689065440559326,0.3249508558150159,-1.3824384891154795,0.5450253163970689,-1.3175597640401844,-0.2919191617023689
1.789691947339543,-1.4202121389823852,0.5033907261346571,3.411650697507787,0.9653722240452098,-4.847340782149324
1.6891109764306715,0.9595724186848638,-1.5894982005896827,3.0572646319971017,-1.1276812212399854,-2.4025440192684524
-0.8561689628330583,0.8524196981853314,-2.4166878305956505,-1.7406102859964439,-2.66623349673299,2.622512667892252
-0.19567779628477933,1.4678279911660035,0.6073555321953972,-0.3459327370082249,0.627784041059945,1.5739953059617773
-0.7967953766652779,-0.5625767368464327,1.7311880035892435,-1.49177481448293,1.6086796691757776,1.125639104613915
-0.9422348165755654,0.9774404404007162,-1.301078669035871,-1.8520932700945467,-1.5714117405344428,2.780631413557002
-0.6972307696449437,0.7384874971558275,-1.2297465458743528,-1.3657530570911134,-1.4313865381858708,2.0696292329728014
-0.26466765039326673,0.852992678383342,0.9706926258094057,-0.49402336169885697,0.9644698939383531,1.1740211299584224
0.5861756517822837,-1.9393591859688766,0.8855671362743444,1.1427148958793523,1.0717138289349115,-2.693940453396021
1.3956102651759448,-0.9654913082806511,-0.7149355113509906,2.61941769480416,-0.4030965488459967,-3.598864745625538
2.6463762249215304,-1.2622289043445358,-0.07370330223765321,4.885302724803485,0.6065629338706348,-6.419051942256163
1.7241506833083415,0.045858490136240625,-1.2059049621154987,3.14677433246564,-0.7652464599696217,-3.339173601379244
-0.9220871278636917,0.09108514081649603,0.05908969147653273,-1.7715901424318783,-0.15027505944231137,1.8881762045889234
-0.8011753615639834,-0.4855063300955327,1.4524189737703563,-1.5155865013071592,1.3160381960672363,1.1855593951809684
-0.793518560378426,-1.095069504467702,1.5899801609332118,-1.5029392993279767,1.4664636128603694,0.7799522433643025
0.005933225919784266,-0.6178385423424436,2.137158704777835,0.01877231776918696,2.249995131452188,-0.4526076309309338
0.4303440170695629,1.3715802854327765,-0.5676518028346066,0.8200563733586456,-0.43403952124648926,0.3133085927046887
1.5753479364928096,-0.3918234743312845,0.470854477434572,2.934387460245709,0.8874258353800107,-3.567902205170833
0.24454864752950256,-0.19465246969401495,0.7290654218992488,0.44721967815497904,0.8229091227593892,-0.679553283406354
0.3518327889013109,-2.346445599272965,-1.996768149720974,0.6484359697520443,-2.0523364680193166,-2.6550417895689677
1.4814276432104705,-1.1958681909935533,-1.3795572353725143,2.762916871767956,-1.0522120239101942,-3.9112539773364725
0.14919972247960978,0.32682480970136984,-1.7613607555858182,0.2517558929122847,-1.7372590129680028,0.028742564817409055
0.45610671607381625,-0.5336164702176536,-0.7260757295657331,0.861235044624542,-0.6431251162728404,-1.3667649509331974
-0.1142664971852618,-0.2741342159992576,-0.22984252495612864,-0.22261814557042703,-0.2654045333096128,-0.011918221177753185
0.5043267416745847,-0.378980849406039,-0.38001752540635975,0.9499009937765343,-0.27389975829800495,-1.3411439286218976
-0.7700982219686772,0.14148308133465767,0.046665097929005445,-1.477056828521688,-0.12622726257452627,1.6262165712944798
0.14188774441030283,0.6993793100833621,1.9152067220322706,0.27287626329431236,2.0419661209192146,0.23898862980236388
1.3489083010529193,-0.8465801821611386,0.20893144873812303,2.5460126133319907,0.5444351546509757,-3.4669340134329887
-0.5345721216187395,0.43126817440368004,-0.14296795028039255,-1.0187511611250493,-0.2629821950801147,1.401052293400359
0.9599770682216286,-1.7600345179463106,1.3974165600263169,1.8632193639492027,1.7237580470481486,-3.2967961702169153
-0.31214635171622207,-0.06906515524657711,1.1998684301304527,-0.6001165808179209,1.1803778911564446,0.5295878303051149
-2.7996678103730686,3.5587852315380064,0.877264944210243,-5.296073054920216,0.16571263302492065,8.552725995387446
-0.21629879315154366,0.5931747418184989,-0.37267809044856415,-0.40643929699690645,-0.4198628868273408,0.9109822636556447
1.4218122945891924,-1.0126486353068553,0.14138914151968998,2.6918309494559587,0.4892983376022182,-3.749009835579321
0.22123005920992073,-0.4400427980693567,-0.9315821648933752,0.41455528349206466,-0.9062399765801669,-0.8149301350637688
-0.006434079280564366,2.245323315831224,-0.2851948199983724,0.046662618858797536,-0.22114229433239632,1.918296096834084
0.10434125209306125,-0.6975237147555465,0.984772966687218,0.1833320231953105,1.057077964723086,-0.774568478063855
0.4013528330431321,-0.049054667449489484,-0.9405458178682714,0.7518076867560785,-0.8579340829387863,-0.8442541159462947
0.03128901714480413,-2.231668330144754,1.4293025876087921,0.06361334941302745,1.512686555026024,-1.6307339842098032
-0.8869072493523982,1.6174179108373803,-0.9965699353510784,-1.7305307695411518,-1.2318438067325173,3.1755557739571225
1.084515456372329,-2.3994882669495183,-1.5354609485247601,2.056337967907721,-1.3913026239860782,-4.101324274344322
-1.3343196028934798,-0.3274765233728799,1.287400119552655,-2.5167141287793324,0.9996440611190461,2.316731897269812
-0.0005346022465139606,0.4908734672783711,1.6093752829416077,-0.0022717667691972325,1.6829016676653803,0.3524707942143444
0.6205788145644485,-1.4849032556341584,1.178694262885554,1.1950089881070134,1.3969384970568275,-2.408143266713344
-0.9607952569881565,1.2697534373059631,0.3507193615247462,-1.8198907626960377,0.1612325441118536,2.922716172761921
2.076703152973033,-1.8032657985410472,1.3174237805544915,3.980385973312713,1.9126771978683856,-5.69246954464714
0.6906801790072024,-0.9624631225885114,-1.1972832836454372,1.3015249592330846,-1.0742108075843295,-2.18439321349719
-0.24278243044638043,1.7588580130578064,-0.4065299256442011,-0.4284694956099936,-0.42943979926237524,1.9586651165561713
-0.7953150725057143,1.2678660351521693,-0.7729802522157898,-1.5369638635230034,-0.9757736698597004,2.6716115602576287
0.9060479109688344,-0.7108656317620456,-0.2217184866089072,1.7099173885687808,-0.018039186698772983,-2.431105427154616
0.8889474143548728,-0.4499018331461684,0.17323862122409348,1.666938749549884,0.3950647899120139,-2.193928210132147
1.27597538877333,0.9371102892192432,1.6637062442840989,2.3502549389228427,2.1321985784686155,-1.8469768699633744
-0.1472048124074986,1.822759247950586,0.1975957004989631,-0.23901908123233528,0.2302569660246909,1.800945055033398
-0.6871074637561095,1.3269447585590761,-0.5090432700691813,-1.3110969443832963,-0.66755377495031,2.480886734320364
-0.6095247578345566,1.5720215759849003,0.02314096670253653,-1.1381754841837741,-0.08124906186738319,2.504089495347209
-1.1117392909429111,1.8995610222140447,-0.3780326815329216,-2.1494800154800235,-0.6214394272876527,3.81758041843565
-0.3758951876475557,0.032214219216829904,-1.057120760113847,-0.7336027604678534,-1.1726780021049863,0.7971121478154124
-0.017942715655854875,-0.645955542907497,0.2096233940903524,-0.04436739532034513,0.2078011038535283,-0.5030404361943567
-1.059670658659313,0.601419861857542,-0.6925493481229629,-2.0537526715675267,-0.9641626740753976,2.6389648910871664
0.12820343050601418,0.1703380693239505,2.668221186183723,0.2634535379229276,2.8615883360854397,-0.14641093382089412
-0.8057818087005286,0.10970680665527587,0.03618282315736053,-1.5468189473184235,-0.1459703414948667,1.6725307145801886
0.5084428615992633,0.7397789604422738,-1.2878873595516502,0.9434480256832936,-1.1560175152924677,-0.34789757859875065
0.007074506318887359,-0.33901329061707264,-0.1911703852316579,0.008513771421240919,-0.198280116146762,-0.3091952296685357
-1.0170683870445136,0.2610038291833298,-0.5906568424094256,-1.9681394585319176,-0.8476928629420551,2.2619756056157216
-0.49911650690028814,1.4372081417951856,1.6746484581718908,-0.9095724237297668,1.6387390700132778,2.1224526269947193
-0.24287203131055296,-0.462280262300754,-1.3096840144829138,-0.48193629448341063,-1.4042927815122468,0.11123076378074317
-1.0028148351019017,1.3069546310021587,-0.8901909853580109,-1.954010868051181,-1.1536234343809055,3.135689077249328
-0.6451524373880095,-0.23641988854997717,0.541825384535465,-1.2401539159468025,0.412526457877864,1.065682729683879
0.4813196873225961,-0.700035954634786,-1.2323645079990921,0.9036151048888746,-1.1518465410523697,-1.5508404154286244
-0.27220425588750685,0.1110940879172341,1.0030316355309499,-0.5239055568781215,0.9863985864337084,0.5891683326184187
2.494627631145996,-1.2013838257516878,-0.9591723612861535,4.591567577266134,-0.35799603489320886,-5.934364525126314
-0.4606590983741377,-0.5765303184930425,-0.6931292968770163,-0.8961690691714276,-0.8272715832707035,0.4497877266969727
1.617258873414575,-2.194592587177757,-0.34872571883012604,3.117164151833865,0.009231760094655496,-5.055495772778542
2.8737593348565547,-3.746464609007575,0.5403199738290851,5.544864502760715,1.3996112855290943,-8.905427489890437
-0.21740962430623412,-1.0694876033815492,-1.1041996673021748,-0.43127349941330834,-1.2047805803795768,-0.449968191426832
0.10766041633121966,0.02807016239444464,-0.5090380645096464,0.20200401869170015,-0.49261914859007466,-0.2034671108520859
1.1590084826406502,0.9760167355061528,-0.7085122521349506,2.121063602636562,-0.399565321591672,-1.4437602669603107
-2.04125001670466,3.883936532834555,-1.0288572026351164,-4.118204431036988,-1.5077546732916705,7.507024674837132
0.5457205800482258,0.021920124267869975,0.630906954174576,1.0101697368612188,0.7954139596164115,-1.1141735558136994
-0.005303693443149994,-0.8180314924826507,0.0821750704355692,-0.01919544852697993,0.07423333186914592,-0.6637521258791531
1.0566129359486751,-1.6915518825165439,-0.2921091181436275,2.035394930389846,-0.07486693075757175,-3.5241643827231566
-0.4460887267284873,0.8394289525344707,-0.5680186411998961,-0.8487696827417518,-0.6755054937272811,1.5895962426735821
-0.43262368962106934,-1.1380954707726045,-0.8138101568413929,-0.8488822699266702,-0.9553835354323759,-0.0621204087288559
-0.22738215700314457,0.6889453405036433,0.7684934164301782,-0.42773254583073794,0.7615070760739796,0.9687670668097612
-1.3879005779718523,0.8819042370894514,-0.4404788647673428,-2.6849665201312276,-0.7776019382339834,3.5064225191425815
0.573712120702212,-0.6589330619094445,-0.2500588467981657,1.0851181226382565,-0.12991206006637082,-1.713551435155723
0.22333204102799692,-0.17959581816171666,0.10457422208851261,0.41531045982363696,0.16300140037785013,-0.6196706674933146
0.020242754002137823,0.7524327910681249,0.8271175728463441,0.03576888820566937,0.8832403635972017,0.5326122498374335
1.5634386613234066,-3.464142588985062,-0.7989431892641231,3.03036201731813,-0.5201937275911959,-5.890373833477086
-0.7886302518143872,1.8121781569525193,-0.4653200733767239,-1.5059469745836815,-0.6353749370585374,3.0990949134661303
-0.2930519845735211,-0.5904387279675822,-1.1122055047725232,-0.5757235761841639,-1.2179384379383174,0.10186732460434514
0.16321001710841265,-0.2668631388603979,2.115796089497601,0.3112129377214477,2.2633837373505536,-0.5259600699116932
-0.3728733130625394,0.9462111045157284,-1.48381394560528,-0.7435309303257513,-1.600702072658816,1.614298792969805
-1.8162529953773485,1.0797555856331063,1.5746951783946177,-3.3590101447811054,1.1317186005220923,4.312155691492893
-0.7420875024259374,1.3925196962878916,-0.623361231945386,-1.4238819013436226,-0.8013336691252801,2.65655563455249
-0.6088426518258414,1.0900166128431312,-0.2579073703335594,-1.1528381907946983,-0.3888752733991168,2.1049247234611452
-0.10512143485946893,-1.1005465986478975,-1.5641358935581386,-0.21960837178601414,-1.6481086492283126,-0.7105809683869143
1.3755855191512794,-1.4098287632795554,0.9292122660519118,2.643733086767233,1.3207682669787428,-3.969071565731696
-1.3107660262261345,0.6477875653945239,0.3937339114101283,-2.500315028152841,0.10117672654515363,3.081974931697364
0.9563271065943773,0.1556680842866738,0.6308941933300423,1.7677919289668813,0.9025570570749457,-1.8382868020013248
0.19204344692566894,-1.7042494458578918,0.46451317123115016,0.36454764952980706,0.515972852574353,-1.7234750417931546
-0.09593442092801069,0.7958595982024337,-0.8939580507778427,-0.18338556619744564,-0.9196801478017858,0.8734967088257765
-0.45617072640300765,0.9897791846575127,1.1451862783412943,-0.8486036998704444,1.0984676626032108,1.6605108963201654
0.3266948517767238,0.4352377817174508,1.031605797035445,0.5997319553509953,1.1646623196828283,-0.3391350280312896
0.01715761529395942,0.7846065011608071,0.8721649870153643,0.030420543601891746,0.9298979749352673,0.5646958282300943
-0.1035769101844136,1.3630116177980134,-2.189264913895253,-0.25770445216078747,-2.237724142596091,1.5279099650482038
1.3598825822179184,-1.090249950057057,-0.4025747006669515,2.569846952861882,-0.09689332801388784,-3.6518670978768544
-0.2196282303723342,0.967291021984846,0.2493179223844736,-0.4029017760686099,0.23259709321896183,1.201973516607548
1.126111285563387,0.11540485778704229,0.9790531971400147,2.084835861100018,1.3175011094291995,-2.2247337287181876
-0.6030631865366941,0.6709579367497522,-0.3515149181584204,-1.150985292530253,-0.493025931511112,1.7488456666230137
-0.1509247108675834,-0.10052120723173764,2.194698195994724,-0.26911274110830596,2.2617876181734884,0.2028179369992365
0.034678418039506234,-0.7304239808960985,1.073500474514018,0.050905850683566706,1.1337037271877601,-0.6532112412172558
-0.4903423826950655,-1.9915963580296765,-0.3373881585492644,-0.9802680856110145,-0.492612157488748,-0.5743083009375068
-1.518752978678467,1.138789815176832,-1.5478147717187019,-2.993862103056383,-1.9626954251389757,4.11683544706277
0.06696948091804286,-2.0912797542546766,0.6945316740816965,0.12027401726519485,0.7330500174336733,-1.715919219293284
0.7768607780245438,-0.40214136223558045,-0.07426951599876598,1.457444735595469,0.1090780286004662,-1.9185333242012395
0.04146093361789297,-2.2628913852718604,-0.8125623078319313,0.06047491103099336,-0.8968472549847533,-1.89874863840152
-0.9349511829079321,0.9723424336219453,-0.32614364463150647,-1.795277747755949,-0.5450943546246136,2.664172070751655
1.2973045785556425,-0.6542998437882241,-2.2295571426976935,2.377524157496229,-1.8739424437693195,-3.0881565235798685
-0.15469574802685948,-2.9150831235844588,-0.06273967062985747,-0.3519285043212551,-0.11195571555203786,-1.9035222248525716
-1.8579083388286648,1.928021547006656,0.6554172683597856,-3.531205005580859,0.2338122059078004,5.246716810502792
1.3951395230942807,-0.776420858103384,0.6907974056491035,2.6330334666355757,1.0706408178549844,-3.5168879770602777
0.6132389069192259,-0.8983897048398023,-0.4344358798689619,1.1652959744192486,-0.31705235186058595,-1.9858936982177748
0.6741019332799847,-0.8005741447759032,-0.10709436746236255,1.2777189559333937,0.040652178565570435,-2.0349440323820653
0.2809941793047303,-0.602414639441643,2.2497775351866798,0.535714115063358,2.4441836171024494,-0.975862356077201
-0.49713649450460223,0.5563029205257517,0.9266874262132567,-0.9379696384944024,0.8565205044855672,1.385248522959109
-1.338818160459514,0.39258286145929927,-1.119118840281002,-2.605267874253277,-1.4767426258070278,3.073331348144059
0.9385488140006338,-1.4094167120365053,0.013393635185466258,1.8037221527594745,0.22362040072669676,-3.066581618059132
0.7453532516525917,-0.49045607699620836,-0.3587763362008507,1.4024265885338614,-0.1947314525966965,-1.9196094434156563
0.06805643003746781,0.5590419180898725,-2.2334343513775,0.07400723465360777,-2.2269246787957524,0.44154052454043896
-0.17183353067169527,-0.7453695859824737,1.1067695932271184,-0.3422580427959514,1.1170119004133676,-0.24447637133272251
1.1587019265132057,-0.502845957267643,1.6689145182197647,2.1815357330115424,2.059472992830735,-2.7479077900250823
-0.3329704902397568,0.7727557622132978,-1.3614240795925776,-0.660006453110909,-1.4650759652962293,1.3700880207793942
-0.745603916115561,-0.18957400332913527,0.4036716064317591,-1.4327603509729414,0.245551631691985,1.3036184018072805
-0.11796966224202961,1.5705520546756093,-1.757056942803711,-0.2554141667865116,-1.8011773430767943,1.682571088087988
-0.36896277372741765,0.6232852515091781,-1.4457976639499948,-0.7339886197747315,-1.562967351334175,1.3205663887698122
-0.9042736561540428,0.5269853771881712,-1.1741140402196,-1.7671885761245711,-1.4279940186921145,2.306625058841347
-0.9766455560613612,1.8732691027354462,0.5702375623962687,-1.838253786337066,0.40272046054975225,3.485260520478733
0.6639088766894126,-1.0998871763476856,1.869241352640223,1.2656557601008307,2.144049647987062,-2.1333278527621
0.1341497524277975,-0.32189457947279626,1.2035385575352144,0.238704278560981,1.295186983375332,-0.5477129754089195
-0.3714822389032225,0.548855590654377,2.8414154154238576,-0.6319385389051114,2.897061932775813,1.0535664466558978
0.4832338186735132,-0.7234471816213521,-0.48229528909881103,0.9160117696308159,-0.3934542784635548,-1.5804219058904756
-0.8829865618160702,0.9698964070229468,-0.836258265533349,-1.7135045576634027,-1.0688652918415948,2.6038059132698703
2.3081099602249195,-0.34903523351224625,1.41871088187862,4.265894383292295,2.097285462972272,-5.0066711181384465
0.15449716480599446,-1.3923386206400779,0.6321139696240156,0.2878962166484812,0.6887430084016726,-1.4056943474249177
0.8997551917100425,-0.45890034632335724,1.3776637003288472,1.689624244201081,1.677916812927072,-2.207086669448503
-1.107076642843462,0.602526894077996,-0.35483107319100254,-2.1348446179595477,-0.6218142643351523,2.7040617514779197
1.0755394737713835,-2.7500401488303114,-1.8099707778733376,2.032692965679964,-1.6977316346549713,-4.363095585251515
0.5559251692584084,-0.11848187552190428,0.7174123278510228,1.0309800283547468,0.8879608766525475,-1.2498512176442278
0.5713501844443719,-1.660902719270635,-0.8675805603506227,1.0935084334310665,-0.802741404266583,-2.509882421303788
1.8890347064169442,-1.9293929846018465,-1.2516128283671697,3.546838126327321,-0.8524254967129421,-5.2916728236551736
0.19799732685689808,0.6814898265153747,-0.2949145698410714,0.3769351839769069,-0.23482116094280675,0.157755350603877
-1.136021245667021,0.09922494633152362,1.4494006215838582,-2.126499385804911,1.2163489567636288,2.241680078626527
-1.4904603090555062,0.5408960302636382,0.26640927531254516,-2.8510015046850077,-0.07745448483279245,3.35806726389124
1.226827042680175,-2.7223209508436965,-0.19288111012994807,2.4035762744705336,0.06417853228026353,-4.675270148859715
-0.4667101141688771,1.2827231955335179,1.5882119890117588,-0.8544212617435196,1.5545581485781998,1.9243915206125717
1.9004873803432873,-0.4500737099358416,-0.6770932262878557,3.5000988746927013,-0.21500193324927144,-4.173059255620974
0.18719967914617924,-0.7848984380773646,1.2720603330776707,0.3434918726025108,1.382779183245829,-0.9930241985914354
-0.5488618456037542,0.685813016415798,0.6505830331356309,-1.0344702399489012,0.5613837689853474,1.601588185113502
0.8566031754976445,-0.2024322604495135,0.2554945004204648,1.5967458800377623,0.47695884006306855,-1.9248851009024013
-0.849772277608168,-1.1812427551631084,1.648007318948871,-1.6051728783406687,1.5145395683664522,0.8389618565581743
-1.2595273082849987,1.2827981856911175,-0.8505066235118236,-2.4591534762459624,-1.1747756537767917,3.628784132626622
-0.7147434249928395,-0.43511764100411887,0.478594157582667,-1.378462276922414,0.32757872158930873,1.0555132026905154
0.8321526495629974,-0.12571475136695676,-1.5495753203605194,1.5383976153373187,-1.3457735161917943,-1.7423522284128978
-0.2502601176960989,2.261848174414916,-0.7872100491751117,-0.4378545591209617,-0.8158235190323144,2.4407652868810357
-1.4523325268851655,1.0824763361285854,-0.17563625882619963,-2.7997732837169913,-0.5144634150664136,3.7760956941277435
0.15985410693069807,0.4727401881634479,-0.3633321862400633,0.3033735144681197,-0.31988526995097194,0.05994593625115283
-0.5261558747072006,0.21178773708103618,-0.5769525863246641,-1.0129952605097614,-0.7139856528889241,1.2276906109885453
-0.21165114940476593,0.2960272429811161,0.3301716189907483,-0.4036165963947537,0.3031281358175201,0.6289519822191879
0.9154549126221831,-1.710430196587486,-1.6404113193947827,1.7227448941450798,-1.4945372598671656,-3.2338264533989434
0.47800585389804745,-2.01476734610984,-0.8651511795870525,0.9159235739482311,-0.8404074436556432,-2.5980573733396595
0.5975539818381667,-0.8490050989245098,0.3047808542349154,1.1318623431795831,0.4550087880586617,-1.9198373701257776
0.8175202376289805,0.745657564071319,0.029479596981754713,1.5064824111643558,0.25387904711205256,-1.0267336639755718
-1.6210040947656719,1.864738513470061,0.3507654633636724,-3.1051948893170604,0.0019007259871446375,4.7494866754387965
0.47372868420483016,-0.4890880020913409,-0.47807700742221876,0.8944305841380954,-0.3848547907407419,-1.3688709789752784
2.2469371548904933,-0.9729422803984552,-0.9427232106941854,4.142208325895488,-0.4038864379882382,-5.261753946518148
1.7998077102026342,-1.6417288950107356,0.692671621511349,3.4530133304712365,1.172131600175401,-5.042945149714374
-1.9218273377467592,0.8526221386286232,-0.11168188542026386,-3.689265240612714,-0.5686230077043607,4.501509262617381
-0.32569216986444877,1.1937609341829043,1.2360313070817301,-0.5985915177720811,1.2304898955145327,1.5790963458704512
-0.02508104826576367,0.2260334928485061,-0.6838194941408053,-0.0499678942647999,-0.6991455195287827,0.23489839564933326
1.8919873726507264,-0.4786878556064379,0.9977657875333252,3.526883858225201,1.531328034863062,-4.295648242097558
-0.8614168395641946,1.0965728931510839,-0.5970600684155322,-1.6604619291819473,-0.8099422070929739,2.6441058708322718
0.7795761369856711,-0.3025399423683884,1.1261627436494395,1.4556087444513137,1.3779832063754882,-1.8497067916620487
-0.7600718050178261,-0.6203389959995371,-1.0267806324463484,-1.480670996778965,-1.2392035824793834,1.0321200900216363
-0.1614531662432679,1.4224148307228122,-0.549123116604752,-0.28575515753380576,-0.5667592740446513,1.515418525341392
0.14863247900929127,-0.8169078055071757,0.9609595151753116,0.2689821418529882,1.0425475700643347,-0.9541101859440266
0.4243391805620636,-0.049042136548980916,-1.6592354462507282,0.7780175694135819,-1.5654534544217396,-0.8663011028439439
2.607376460849796,-3.352725957238904,0.3147665132704356,5.040035976419266,1.0320290001715873,-8.024264986002006
-1.946651572846788,1.3486936850452729,-0.029660774121675268,-3.7408548397855497,-0.4862692316873521,4.961261724255979
0.3623553265167295,-0.12490682224382514,-0.3273136434922584,0.6808527820362363,-0.24837526661963746,-0.8460680043749109
-1.3402624742792484,1.2553067997947096,1.9965693560925937,-2.4519443617029886,1.7108360134512373,3.544047663648432
0.8019227875687736,-0.41413807847915507,0.6870258994752773,1.5008037947473498,0.9167186078503081,-1.9931286102870107
0.6196468887105462,0.29213719541789546,-0.001484459834928363,1.1505090143215964,0.1600214413226584,-1.0213313623554547
-1.5469515993737952,0.8378488008205228,0.0976201144145373,-2.9664060413926268,-0.26142858401838914,3.731049313867359
-0.4547631214581166,-0.6630372993258805,0.389044442699877,-0.8844013873433313,0.29297856500320224,0.36677429662284167
-1.319530627489534,0.6089560807274541,0.48666383470831354,-2.5132824917630465,0.1928001668916735,3.0597523192283127
-0.7793430566264575,1.9933596023940192,0.5783350478382568,-1.4509040630139611,0.4679605516087483,3.2056109890940965
-0.297094918656787,-0.6407657408633204,-0.7444605410161781,-0.5798289327909806,-0.8437381153777266,0.06515291902712889
1.8299778600832208,-2.5188388810143336,-1.0725696468306976,3.479052007678356,-0.7042126317667378,-5.657912929681741
1.9225868283291305,-0.5956295297703728,-0.26046479304644327,3.561083389354657,0.20951260970938795,-4.388916612659414
-0.4015104464514772,0.7700914767470117,-0.48353295664810975,-0.7613579325837214,-0.5776130020855671,1.4361412343341313
0.2233227485792349,2.015949099830777,0.5223773342123282,0.4522602108417199,0.6801052672665169,1.2337195302935486
0.35635830115692463,0.23107160057176512,0.7323294891870908,0.6553216128913844,0.8570613388330615,-0.562719076547036
-0.10062972323518406,-1.157981988772251,-0.4155618997210334,-0.2025705614419861,-0.4727891069586018,-0.7452044877388959
-0.33757767648447806,-0.8649083801741352,1.7260742496075936,-0.639589032070151,1.7275388011211412,0.03779228158858701
0.6097389997702407,1.0439249323507998,-0.25310460948878855,1.1362344255043861,-0.07825145854752719,-0.3421206523471068
-0.7286656574620138,-1.5287868466835939,0.5251899496307154,-1.4296797925316687,0.3603415011233933,0.3086893731639294
0.30212858717561797,0.988795943005241,0.9122457527537972,0.561082657064499,1.0477737612476856,0.1732211196174076
0.9336597638037523,-1.6254775795819578,2.545340110479331,1.7744381752076472,2.9623930057127312,-2.875898390002067
1.4725609859143263,-0.6478957317776332,-1.0999807949208513,2.731413407153457,-0.7543136462057708,-3.4579093221190296
-0.4451225153076291,0.16866056348972372,0.0468974873301949,-0.8502802020803236,-0.04862569163127792,1.0001767889914785
0.48114974126162185,0.6850814226045485,-2.3879217790664105,0.8537446136063107,-2.2531378058574023,-0.25608400999092984
-1.739160137243303,1.0973072207981538,-0.841654737494218,-3.3842256737761582,-1.272160203447502,4.430261579628288
-0.3839833352973534,1.1058471440112536,-0.05344590012074603,-0.713107905188352,-0.11836368449755784,1.6580616237656247
0.5061827537436401,-0.5329053492041828,-0.6341868742798327,0.9558493442081296,-0.5373442501947605,-1.4679271497361985
0.4760876930933394,-0.6582967441240873,-0.5103196939417618,0.9014457725481766,-0.42208749488358477,-1.5124149255809074
0.6227411917895932,-0.46353246104538376,0.7647335695246845,1.1646413122552919,0.953487020908083,-1.6629959104369911
0.9515762044638683,-0.04753672581471891,0.23356327248786746,1.7667536266970436,0.48095390872522,-1.987739370501973
-0.6202836780749814,0.3234737389470245,0.36290453882638946,-1.1812173988536876,0.24027980144596803,1.4592752733433028
0.8284243330166763,0.6940942135700917,-1.3985966978926783,1.5270906105947912,-1.1783796807980051,-1.0078000561382154
-2.2271566675981926,1.177952279274481,1.798050512772621,-4.080237084107964,1.2368195550957468,5.105770353479085
0.7532319127591011,0.35330574734162556,0.34891754728865826,1.390791361391721,0.5577449089469512,-1.2501517491804894
0.3286041643589823,-0.8133705764389886,-1.6744708899152814,0.6055374108491293,-1.6342645911315508,-1.3428922486599286
0.4308161614917085,1.7243339746995443,0.09476654620134414,0.8269893281828808,0.26386877359521493,0.5846060645786814
0.04123403403571063,-0.6354318871521143,0.5226395115498031,0.06527930685148471,0.5519662804610177,-0.6115034594047156
-0.04761296700222973,2.1818562253286413,-0.7526611493843997,-0.044271381698668594,-0.7263749536453968,1.9694032837783066
-0.04692013312883831,0.10593116728886062,1.4676148264673528,-0.09648180369596338,1.5241271464765493,0.14214626581020265
0.0992005647944603,-1.0628910607215212,1.5963645844205785,0.1836251514691483,1.7051031431080355,-0.9810761114571195
-0.8095091661986767,-1.1939309826595126,0.5306859873574102,-1.5775977434395383,0.3496950293205722,0.7014173574149997
0.027240095756089697,-0.5117155268340445,-0.9724075841980526,0.043929217375169784,-0.997139720574969,-0.48365918313734924
-0.4855320233694111,0.14927569838515697,1.06846019014648,-0.9237474329632619,1.0016049842927193,1.0366545913041254
0.8094267031272231,-0.07008770081069918,-0.5968973658591009,1.509416698043617,-0.4081917167898338,-1.685979632097613
-0.664347149887347,-0.9142302517922732,0.08605572212703616,-1.294381724292981,-0.0745483671183427,0.5977586850499373
0.5735773628350016,-2.000135701879481,0.04580628812447467,1.1160031188514103,0.15774240074779167,-2.7659775830243007
0.29828289036348743,-0.24577161039019715,0.35957436832641354,0.5530754260710298,0.44665638635395566,-0.8274140801295855
-0.6888057268542275,2.2705685772587674,0.8222585285192204,-1.264681826397963,0.7548299943136392,3.285172812447473
0.6204719615631226,-0.6290193233719654,-0.07686405791360727,1.1715411897056398,0.06238728942193471,-1.786883184792289
-0.7374802895551923,1.8720235069450384,-0.4359396169927864,-1.401803004953912,-0.5888593232859516,3.0469019277827836
-1.1008647548608113,0.5037606318234078,-0.09226725348731658,-2.1151211757450787,-0.3471596911930949,2.5879541513626405
-1.807391911084647,2.415425937564588,-1.3096457602557248,-3.6086129416257413,-1.745618895200714,5.73315709701022
-0.26633625733944044,2.1547181270703133,-0.1502800510770577,-0.45551103535136084,-0.15134821585004404,2.344715253744288
-0.8488682097092637,0.9658261604249628,0.9872063175978829,-1.5920906458007096,0.8344581546404093,2.4107170233055184
-1.4350187263463947,1.573720769525036,0.5314418666050004,-2.729984193511332,0.22638767460058204,4.113769111191482
-0.8470955677792775,0.6499259979148817,0.6394720390841234,-1.603535983136586,0.47441863179357363,2.157941818460481
0.09288653537995376,0.735372854557712,1.039946865586203,0.16954996978904077,1.1208241758003132,0.37176917242183044
-1.03139285312995,0.8339235364369616,0.6886574517139274,-1.9507502206725111,0.4794249437548281,2.669456164831678
0.5333799629401045,0.5721058966645156,-0.7009038906756043,0.9961523944325399,-0.5650539771550365,-0.5802007080776944
0.4679371010536906,-0.5457306590355271,0.8261120723714279,0.8734646641262931,0.979538566324868,-1.4082967620669327
0.2877986699537428,-1.1144752974609988,-0.851278586421847,0.5458166448087368,-0.8316537979566156,-1.50451754874434
-1.0582594910635656,-0.5316189670192256,-1.015987001858876,-2.055202279847763,-1.2980246011780694,1.718777741996988
0.4465323783651343,-0.6604655534610818,-1.0810756222013744,0.8405083771015135,-1.0079599117218985,-1.4494758466493163
-0.41086947699402526,0.30786469734196487,0.06400121395698678,-0.7817666004521658,-0.020450974095982656,1.0437634139998972
-0.39625630599935496,-0.2527075097204797,-1.931742137221742,-0.795613841733655,-2.0673760196414683,0.6279131775044153
1.3898131193866003,-2.21385838414374,-0.035381419451123594,2.703918054489738,0.2817713592143979,-4.625079282181879
-2.5467605502362627,2.071985699119262,-0.40918271487645386,-4.915386850637069,-0.9730142173451694,6.788171385039434
0.4134952994187868,0.40467121972620795,0.5279276241970636,0.763323803630038,0.660255549229665,-0.5303351729875986
-2.81098439637397,1.7986532782955553,1.1266242264752393,-5.215999318126773,0.41583359956798793,6.814034131555046
-0.2230760901961401,-2.356194012248888,-0.5449347244197335,-0.46441521974456085,-0.6653550170990179,-1.4076317835895185
-0.5331230913117183,0.2723444109414117,0.8458696406407757,-1.0131643768482883,0.7608580651798809,1.2304582163806976
-0.4684323935095362,-1.6754875627215489,-1.0484769599367403,-0.9271189719647799,-1.2225845350118068,-0.41935917148128904
-0.23497473178606332,-1.0973782771580167,0.36210200357066086,-0.46621205650816727,0.31007053772121007,-0.40054624551107965
2.7315356895918335,-1.7914128957359237,-0.08403588311282723,5.081674530660423,0.6249541027710082,-7.015166156276358
0.19918421962285587,2.672750734309692,-0.02175316839680295,0.4551537386848476,0.13637774688598814,1.8949792262365837
0.9254609779489545,0.07516262009684538,-0.47423630352549623,1.7176672092118235,-0.2499677683720833,-1.7980124376028592
-0.3641393235266766,1.022124079835778,-0.7160910917223599,-0.6912300283316337,-0.8040123527361176,1.5903686986086942
0.08609035824875277,-0.8126758486464701,0.4233195738293604,0.15265324764438587,0.45554160834956353,-0.8399670431727817
-1.5169784648498736,1.735362237276552,2.8153004029725697,-2.6982160999039206,2.491297269721384,4.21343124308324
0.70201020005097,0.6595374003314796,-0.6798167097985595,1.3037281286398503,-0.49768569514968036,-0.8367034296593137
-0.12852424057719436,0.07472359594973452,1.4439558493626379,-0.2499543838913465,1.4793089560737342,0.2786684027127051
0.07356287179061496,0.46163641644398584,0.7773726076195624,0.13020914214713408,0.8387564056991187,0.18824381540045584
-0.9548821094458992,0.5419005289214137,0.7884072552267838,-1.807287635844234,0.5970983313175591,2.2727888906589704
0.6704479715494879,-0.14366535397998156,0.085738680655389,1.2509367919272985,0.2536632116663527,-1.4926136201497215
-0.7886880519506291,-0.3700593561888074,0.624577623366737,-1.5164242099058416,0.4616514136993635,1.2480940897269168
-0.2952125786050092,1.4572123170614537,0.8191789656509988,-0.53476196010891,0.8208735100271899,1.7572274269061707
0.5110675083004809,0.3630510445533231,-0.8333750813913553,0.9546625538859125,-0.7098986496280405,-0.7114128001356527
0.3050939339794951,-1.4591467607861932,0.5133366532132746,0.5822429805093544,0.5984172325029293,-1.7761388508204157
0.4109359731479116,0.8239727414137284,0.6781225828745695,0.7599149824960587,0.8259278495743015,-0.17692842757711721
-1.1819324664883784,-0.4532238577015651,0.519719220417552,-2.2720779048409203,0.2550829765140129,1.9643974588054947
0.7032729689036933,0.39774453855207753,2.5670913155819663,1.3187524583790118,2.937653013094697,-1.0984042600783828
