sem_0,sem_1,sem_2,sem_3,sem_4,sem_5
-0.09546651927460073,-0.369494946377038,0.17888583026006546,-0.10411804363778242,0.3290180553053442,-0.31267717365554903
1.0306380940947908,-2.769255088525269,0.5365175788801163,1.6377483700284663,0.8302287091192933,-3.7275279801308425
0.34539307575657746,-1.280788440690299,0.5364670283266278,0.6170884524435433,0.8162147917450545,-2.0285935621085054
-0.058040273022668634,-0.5319121557547436,-0.8033799890380467,-0.42662279426891675,-0.829549911691314,-0.17508715527560761
0.08281705817329059,0.8572130572993004,0.15789538367098482,0.016192784141560126,-0.044536455581957006,0.7019139343314611
0.0533624403937551,0.004473989113897878,-1.67343713214465,-0.1220293218811294,-1.4083414521234703,0.3270085877198432
-0.4461894581427168,0.44629252339476827,-0.12158737219593468,-0.8838676051853107,-0.1894273997699409,1.0826778325496003
-0.2808285388948932,-0.22980549807538914,1.169772942552566,-0.35926835934597723,0.8814848658775051,0.3096413131140715
0.5035775194536725,-1.041358548864948,-0.2977876996391903,0.6843466715514542,0.18117329299283774,-1.645900701252965
-0.2892325446687515,0.33019267424765375,0.48068171251167324,-0.21962988217903112,0.21212009798224604,0.6909500316666161
0.27683977196373727,-1.235183985288225,-0.03003884779386584,0.2070587457396231,0.3841371510839607,-1.124869854012751
-0.1768089477965495,-0.8069345848263985,0.35626573743514667,-0.23038743173059295,0.48271512894997476,-0.542078634409318
-0.6403614156930351,0.9974048249840863,0.5296666090959619,-1.3161334192732828,0.476509810771417,2.2945898306567583
-0.9503378816172664,0.3823246888646537,-0.6129512162224747,-1.8618039766238736,-0.8698530841814668,2.156850506787577
0.7972120314328895,-0.3998485034919104,1.9216536971483962,1.3992276050962758,1.9655492656344071,-1.743511586273022
-1.026674889169417,1.5521508285502081,0.9245536410015717,-2.048698260604523,1.6137805425265448,2.8270215189186825
-1.0717761205910825,-0.11231771344142737,0.4430327246553486,-1.828434730826545,0.11378359380628209,1.7534621232721705
-0.2231051579052454,-1.5409269963010084,-0.2232511536771112,-0.5415243433546523,0.10475867353689916,-0.9226962103487735
-0.24019509268577607,0.2909894871024023,0.4014912201222618,-0.13888535002090835,0.05027185397010978,0.5537458778754428
-1.366946353274248,1.2264256470393153,-0.708212003204668,-2.3710193415925063,-1.380442834454738,3.6119000777619297
-1.3755558862445212,0.8754718653759369,-0.35600985833830356,-2.263880595587554,-1.138338887513871,3.0383298542908297
0.5670000479196805,-1.4126289355942023,0.8223453029818435,1.0832952768099102,1.0447626496700142,-2.7520113750606683
-3.303429916742589,3.678029961096073,-1.2121998478638523,-6.400392865133971,-1.2521288514367819,9.371412123715738
1.556213683209906,-1.550227127694982,0.3436459885360007,2.7922794436670726,1.0926373957559081,-3.959732526979655
-1.2579643573534454,2.5896592825341966,2.012353178465359,-2.523390088838913,2.1836013219677533,4.832748217388768
-0.4890285149546677,-0.7577685096010758,-0.9162059563866579,-1.1195490388531975,-1.0714685596868334,0.47534385480981217
1.7189590384578144,-1.935050880268462,-0.5556454174364854,3.3105952717228906,-0.545956838396917,-4.776406634877384
-0.25417453217114594,-0.6589652042146138,-0.3083093617278494,-0.65580883163169,-0.11994665586775674,0.10393005080705414
-0.4519455591304861,0.20022271495599017,-0.514190852002782,-1.134681891809181,-0.4644758661873934,0.9944734453678116
-0.8469977300758702,-0.6249473694425464,-0.7678826724324721,-1.6028351568511676,-1.0786607845819465,1.1867561684535228
0.049504270391516496,1.1710014893174998,1.3888237254503424,0.1876395256366337,1.50051777725133,1.166286262799965
1.3023479252785608,-1.8116420910282922,0.8057900878965372,2.118216148217012,1.4728591066164067,-3.5747939722790467
-1.0935979863121807,2.8511630364052416,-0.6009596425305505,-1.8192363942728238,-1.3018576504645731,4.213653822226249
0.09579927563762607,-0.866537193367091,-1.712538616316319,-0.08455526396990233,-1.011720577119004,-0.7504634085037355
-1.8901099919270972,1.2879708370829033,0.6297280548919901,-3.635215333074522,0.3577768341442457,4.8060587487797735
-0.14604774290916808,1.0338767705748484,1.9233645994154385,-0.09200853662992942,1.9357687224891988,1.1719211041393063
0.5165549911137458,-0.6042477006247424,-1.6472087263772408,0.8084130119974743,-1.0575843461409542,-1.2231795307317779
-0.52111917560477,0.44587928065779586,0.8094046067218664,-0.9258035515267888,0.5924962780608677,1.330208660400594
0.7874351449536123,-1.3592786550966662,0.6071233674299089,1.4144244581171919,0.7282712348170013,-2.8545910175011855
0.4503941320472691,-1.4091729980313799,1.0284582169536902,0.9010893998549545,1.2584976271354646,-2.4381655332168113
-0.4903115026364927,-0.06938610134280564,1.6275152120985334,-0.2898575941436745,0.8151298010515572,0.3332030929707065
-0.8438212821780045,1.8768493307745857,-0.9329607255130415,-1.3723680676223147,-1.8630627062402083,3.2807132245977577
1.2812012740376288,0.059194917073148626,-0.25721635403703846,2.5072816571744445,0.02382431890667832,-2.822487344314342
1.014302367548578,-0.46323667825558074,1.1151210367401692,2.0312742755309285,1.0991398691170216,-2.5184468341119706
0.320316739434032,0.11466840707731703,0.1217804529872071,0.5100316173342212,0.16691883082351083,-0.2580288794970178
0.7692614255016872,0.013162625589264048,0.7392121471162327,1.5130985020485943,0.6300489458986972,-1.5860194629981623
0.6370143099679928,-1.2467376202564533,0.5493198548412183,1.1729219441819203,0.7151140243578703,-2.554416960910334
-0.5933159020296943,0.8419366603233466,-0.6638567454170121,-1.1980891131540161,-1.0812787967931499,1.9995551908969416
0.8382718601597777,-1.5670027046646176,2.13284069485672,1.1016852077594896,2.7917916626438046,-2.8380396155736354
0.20938889196560292,-0.1419869939190986,-1.2245953691056994,0.21524618314788688,-0.7279362892167409,-0.44084648577370167
1.6288556139153134,-1.8017294632282692,-0.16198662283435386,3.2973490741640052,-0.0002449032897217755,-4.748770244441573
-1.2114766395252463,0.4256408060313892,2.3378803278067584,-1.4852494858942185,1.5853777692607771,2.1937994844139626
-1.250207461608397,2.013533398872172,0.1102497653608209,-2.023884096196437,-0.414641708518312,3.731973535316658
-1.6098982032912903,2.729800308627,0.66471975764345,-2.5634802728093393,0.76625184205697,3.9381454715426156
0.8665565788939177,-2.2296585362388934,-0.19763679539813814,1.4901122458370777,-0.27148167451889105,-3.0925914890519506
0.7788231121334981,-0.5078495427683255,-0.058992223051542184,1.54814860349588,-0.08784507155021598,-2.1241470850711215
-0.2801275027890052,0.31995729731146133,-0.012880119988036065,-0.5192025440531033,-0.12303299279036459,0.6853241292322423
-1.0553679743895699,1.9657030563858435,0.06695206267843465,-1.6817322267062644,-0.4300931000842136,3.2271207546530642
0.7783983097264292,-1.7382990147114623,0.3066578202846174,1.278869451887781,0.6019845734023278,-2.9220703865775466
0.7614708681539436,-0.2807377041671069,-0.778755957742691,1.4287092128392356,-0.3658748252964113,-1.614714097558194
-0.7140550778942095,-0.5907034850600645,-0.7604124863747114,-1.4189247326271563,-0.9933677721460408,1.00456038083424
-0.7025296943553233,1.5641067203216983,-0.10443664647932444,-0.9371480975531907,-0.7360979890547171,2.063831518951051
0.6167915220267707,-1.7561303789571994,0.4960023212529693,1.0097300018191921,0.8140180562244647,-2.672270209326584
-1.526144177298532,-0.43161315738616324,-0.48415374536369693,-2.6965724174882406,-1.1594797310760412,2.265462560358728
-1.8915986408151657,2.0198898079987906,0.04438260704959466,-3.3507986952700977,-0.971109536997104,5.088851954295466
0.020709792399545873,0.05401872324324773,-0.09079951117317381,0.08585673366907759,-0.36282617722143756,-0.26486282372129366
-0.9248198494156672,0.13695617269083035,-0.2654855683870412,-1.7408469154242034,-0.44822762182166836,1.6923415415285732
1.578104607221281,-1.9312925842666808,-0.7897732051568379,3.0138038818261688,-0.9445995953658588,-4.6188273485064455
0.5873820532374913,-1.6077146700862148,0.22982830677713817,0.8872966424632713,0.6484549086100124,-2.1980289062330782
1.333089272778321,-2.9772134647875257,-0.2601952268343297,2.381108954586968,0.011245681696640714,-4.25781752729437
-0.30486516149519416,-0.7923851702006867,-1.2096664685548075,-0.7090237798089787,-1.1557440485750843,0.02973901884129921
-0.9696800805398718,0.2577809345814192,-0.498174108121166,-1.9249411653710453,-0.810343144860484,1.903010578385172
-0.4837959293405396,-0.28265956170959794,1.1477286624984708,-0.5881297405205872,0.7067189048359337,0.48592868579628173
-0.3080694035195059,0.9187350178071002,2.839425949331998,-0.5355194913272641,4.0876519790245975,0.09747893308861641
-0.34107893078878393,-1.8874478567923965,-0.027353853818969043,-0.6837479428843628,0.3129987160279851,-1.0933145138409697
-0.8379159270426212,0.20580891796935583,0.6025200256128632,-1.5125240444741028,0.3984016083142594,2.0310287174911594
-2.0419404164789388,2.0543001216355226,0.1006698974407027,-3.6847860390893885,-0.9535065397454843,5.476945416175968
0.56534867317835,-0.621369843444009,-1.3693171867119283,0.9412199223833418,-0.7796404620997717,-1.4393513844077617
-0.19018374260225965,-0.9351104409342095,-1.3644619316816688,-0.4276587992319962,-1.253155661651865,-0.4137377019139878
0.9067571541577063,-2.6254445831628304,0.989838551712706,1.5261618206685947,0.9764359740268084,-4.018038294238524
0.06707730433766051,-1.2041664910214767,0.8938183547284209,0.24979299656592358,0.8704676423174743,-1.4909985042736145
-0.34813106183273584,0.023909061820362832,-0.07294361490235185,-0.7379196757874408,0.00479279309154336,0.6762002694544351
1.5106276173766657,-1.822974283577345,1.7716408301479403,2.856626386916563,2.6247435619835806,-4.425906006173966
0.8151404816262188,-0.5707147171673552,0.8736676108331566,1.5743827858614312,0.8890324471116745,-2.157937973403988
0.7561881901811983,-0.4883532874817964,1.141523868323827,1.5101271152111693,1.2369257963199825,-1.9640819648045131
-1.2755646916889907,0.7255568726683377,-0.4044213496623965,-2.159476140054967,-1.167858559947859,2.7942576841004203
-0.3203351128237089,1.2534515901510006,0.5161641465448331,-0.786130099884627,0.6244683054576039,1.9408232811685193
-0.22243734276525778,1.4840968613534762,0.6114239895612608,-0.6369012822052855,0.9052914726344599,1.9700206237344118
1.1749731504348844,-1.4312780865060144,-0.9705403894369327,1.715880633405717,-0.8400949870282892,-3.393176990949413
-0.8572780880549927,0.9241412186858479,0.26762428340411787,-1.5281792750125713,0.2504167059231969,2.3118369297684986
2.8045603314295806,-0.8050675961025571,0.40413120724337437,5.805991781582495,1.2397165321082901,-6.9010170302644545
0.2943898567245737,0.6934795812025877,-1.2458418948529693,0.7278623380856767,-1.197191215997125,0.0015703103571080915
-0.2151539772072346,1.2234778598737153,-0.8485191860211144,-0.23726081112281425,-1.5351694921888426,1.206412274030162
-0.22160783565469686,-0.8425888061790254,1.3051228290181094,-0.484552238900772,1.0517161486684936,-0.15134159487554358
1.3026031479445843,-1.7049147481225848,0.6966003523957202,2.1948695009122807,1.2313835587977933,-3.6041449645423986
0.2313859833422084,-1.715986099356766,-1.221474343538172,0.505372549462028,-1.7651425480540162,-2.4581087386645994
-0.8348827750767471,1.2073845469938762,-1.7642829757462382,-1.7073596718305322,-2.4423052902314724,2.861932729232969
1.4417099656197916,-1.6833906304233672,-0.1653318426946334,2.8283431248787,0.026322312438958096,-4.204559779510702
-0.2937718412054586,0.8060960360525915,-0.651155464374066,-0.5859087733614913,-0.9076882139185782,1.139741115122163
-0.07807703381620651,0.8958040960750869,-2.5497640282348444,-0.08649517026479636,-3.0285718512068285,1.5396159110416978
-0.2662864669694292,0.4170664712897557,-1.1293517657029495,-0.6651331476006658,-1.4650869125025336,1.269605269316539
0.68128535553683,0.8993437208355772,-2.3317800833829625,1.8684681227201096,-2.5974696317289463,-0.4511018084287206
-0.2329737114909201,1.377225980815532,-0.7778472152093558,-0.0816491807474755,-1.7045798700561274,1.1574584267577055
0.479337365848556,0.08475894289069795,1.4896824755789873,1.0816119504894814,1.4558711556769424,-0.9627367031931424
1.5264580719934364,0.3565708065887145,-0.42866579079196776,2.900334012578722,0.2372880846718984,-3.3499001481972646
0.2862727146155252,-0.5227338243617552,0.7377452141152497,0.7410260683481845,0.8140644347804789,-1.3833107552758297
-2.032037957344794,2.6537364362577125,1.2125205855950862,-3.828676441550465,0.7843867129901811,5.631360949966174
-0.07663437682919094,-0.8600314975526058,-2.06846613967287,-0.3846226695349616,-1.299997374870136,-0.4263603921065861
-0.8375764160191225,0.2213350248383513,-0.5572735345370073,-1.753164602084642,-0.7666582775263904,1.6712701535031276
0.2745070364639503,0.49140194667635034,0.5201670885305251,0.6239583513424837,0.42425812346687264,-0.0036400920931694766
-1.598165034276358,3.165346433160792,0.34842340707818076,-2.5763917450416853,-0.08168866782136724,4.4682830444680315
-0.16312479994265694,0.8724567647666747,0.5116200554438322,-0.36148697865407253,0.6304573081241482,1.165518199994417
-1.920360509541387,2.8477911161785965,0.9574604757959159,-3.2579796122767397,1.0445933865931625,4.667507208982897
1.2110812151108925,-1.5871378789245554,0.49293106719273083,2.122290360376517,0.7920736507834163,-3.506540590600503
-0.6938338637154641,-0.18025656070702556,0.4761328834456011,-1.1844877909489597,0.4461765799412526,1.277433491298672
-0.5545974954365721,0.7684848706162671,0.8633810467558999,-1.1596121570489726,0.8559640153598999,1.794315646582251
-0.7722637705772423,0.5372691211206977,-0.08137838258323557,-1.369430198034085,-0.2633735678258894,1.7482531271287605
-1.026047008841109,-0.016995764529202054,-1.0626769908422855,-2.053946271004699,-1.1696966205655264,2.2762053387946715
0.19604862653377092,0.012307712628117789,-0.16718476827200834,0.35271879801916844,-0.3828932024416925,-0.6079648293290767
1.4234814192601328,-1.051322793996112,0.12288880853010839,2.8225691114809606,0.39431730380492835,-3.7711847519165014
0.3385135087770969,-0.4754873179097088,0.1999386531623602,0.7309490304288842,0.3522679152933231,-1.3748861565421162
-1.196428812418567,-0.1942462591919709,-0.738507878023117,-2.282915036375066,-1.2041500610792526,2.024506655332188
1.8833476009478476,-1.197536222082255,-0.5191578749022935,3.4723857763659876,-0.3454637930139109,-4.715630435767185
2.0695589157833014,-2.5078883081841647,-1.5057562123285133,3.3217885248038987,-1.547636997657475,-5.644494950973193
-0.5006757253274304,0.4084842663085427,1.6788858878186954,-0.5128885645560328,1.2093010390217616,0.9849382052117522
-1.4651193281824344,1.1940690242670753,-0.8414844442973595,-2.5925935950744825,-1.5597029242871745,3.810433516163485
0.906265333883563,-0.7285198270456861,0.14767858511181886,1.7671604626775592,0.058277406597925886,-2.5382986324413124
-0.6729696375483137,0.9747909551939367,0.535039777668289,-1.3784386482625073,0.4897168225603988,2.284739626080168
2.5892284832004693,-0.8762746281622462,0.2184078980343693,5.095866304922301,1.1424336716315824,-5.9724575269886175
-0.22741600732170314,-0.32068880015237383,2.053645420393043,0.11817295619105533,1.3027318195316173,-0.6116262136838888
2.1889282735294837,-1.3177265634963877,0.10640222856233009,4.1902108295340135,0.6529592756672787,-5.154681942622866
-1.9388523433258629,-0.1472783769569454,-0.8992856050715748,-3.6709870025615903,-1.473168908957167,3.3427669757054557
-0.34501544185325556,0.6347824351780901,-2.1693186297803924,-0.739422526533954,-2.33691922230475,1.6153460989362005
0.09843532621773332,1.0422451072277414,-0.43172547185790977,0.4014613271821262,-1.108010818073019,0.4372969708040753
0.06667151623145236,0.41752903587340795,-1.1431331713298907,0.08794998223777732,-0.9573155542523013,0.28927120458943434
-0.4123403694080147,-0.1328220854993142,1.8051030135778277,-0.21376561322420604,1.0000662451861453,0.08825552055395197
1.1163446447304834,-1.5998226476091493,0.3389516836325762,1.9855682361029148,0.4991620360421486,-3.438351109180161
0.2801746608867077,-0.5506124136428023,-0.6061372979245858,0.4613595341489646,-0.6826778710277858,-1.159043601439335
-1.5028134550503358,2.0459710291902424,0.19074730676490764,-2.414495745283616,-0.7034850502258378,4.076762073806094
-1.0434194297679587,2.7952073797306523,-1.5349817840320141,-1.9932875475212994,-2.9299024167022183,4.645488187320516
-0.11060943093346014,0.43682619036910064,0.6818724785901142,0.02924114305195939,0.6326360289455131,0.5407969328554368
-0.35696253612463474,1.8285500644524628,-2.1828813468878283,-0.6031673480973478,-2.9602850096699838,2.590421948056091
1.278985746249249,0.020917521564532814,-0.23539488391074062,2.5357984739311448,0.000791890108662003,-2.8599877936020386
0.810488879319989,0.4217945964468188,-0.8660147742865121,1.5683496771637129,-0.377252475167847,-0.9941053087601367
0.5936688006937809,0.5202927657181322,0.6184250478783966,1.1306353882564228,0.5852855514215528,-0.704834171289719
-0.6106143828911338,1.3167332174826742,0.8482163809051986,-1.440271126099379,0.9441224778711363,2.5679958250346164
0.7133621969195506,-0.6153677470344084,0.6363127267208816,1.419744628624231,0.5950778346266212,-2.129252832084211
0.476943880466947,-1.9467601283225053,0.893381766259306,0.8743609807217028,0.9110236948585974,-2.781120892784545
0.47227101499089447,-0.7652895334069146,-0.17711889545907275,0.7857937723371747,0.11920499949432486,-1.5273122345958086
1.1293239014772958,-0.5412833961518352,-1.656381659735516,1.9614181617706992,-1.2403006064461448,-2.932050808115384
-0.3977252770664617,0.4532708309681894,-0.9465308345887744,-1.036793922537765,-1.0628142538029959,1.6749085537144104
-0.16053074378285395,1.6860355425014824,1.4078084935899622,-0.31042234255606466,1.7228733799919558,1.7575357522644288
-0.6885450228928717,0.6524257082884357,-1.292465567390007,-1.5561167490627152,-1.3565644795385248,2.387247188537793
-0.44713420245316354,1.884482358718187,0.4341912619759475,-0.8287092315101104,0.25342909524519974,2.442608221499939
0.08029530920466836,1.1744684803210155,-1.4390840710529555,0.2823475032185434,-1.626092482918807,0.9203251377916515
1.3417487301562994,-2.5452580200612145,0.666310698918518,2.146886558439936,1.3791379720524546,-4.230412073489596
-0.8166437338081285,0.394812413316325,1.6095687061264368,-1.1222311567492655,1.1348548024533225,1.6811534899061578
-0.10022204644788872,0.3856032335102559,-0.4197393307011219,-0.2867489491368298,-0.5644388891417425,0.26781338703819024
-0.4119225576877519,0.25307587221806577,-1.1424630175067367,-1.014009342921806,-1.113005704689077,1.5581472290554959
1.0903194348502514,-1.887173387666382,-0.023800832070949393,2.0678224074965734,-0.04673862924614993,-3.823775422353518
0.608957264411877,-1.3418759992198785,-0.020678068676132574,0.960685785875186,0.35092304020737003,-2.127022594018349
0.07947399585250013,-0.6650134084329341,1.4968616715273313,-0.10375329214907142,1.6636820803573078,-0.3483583809989755
0.20974217212879334,-0.3678001540815509,-0.03137733765966717,0.3887906663006686,0.11511594335761519,-0.8356848877290488
-0.6150816759731655,1.2054633060636437,-3.0423552313826128,-0.8704686807589604,-3.6239589453135967,2.1550827914397286
-0.8632701671107312,-0.3204251254902019,0.7213921132890372,-1.4445837269106219,0.413469949313737,1.2219079118161509
1.1277907458539775,-1.0202556362777664,1.0750877089857886,2.130691726469854,1.3077207525206145,-3.1630893595547978
-1.0891948441018326,1.587433294179608,-0.8675085932420379,-1.81942915861122,-1.608250983872757,3.3894894742695296
-1.2888847288057725,0.6807644502983501,-0.8776862158767432,-2.449915721071063,-1.334251709932268,3.083159744065806
-0.061293728851118105,0.6134824116459496,-0.7586603002184864,-0.13384101296785514,-0.9234511079441383,0.5246056467042182
1.1546614126840367,-1.6221116048638673,0.7521871751421338,1.9530007068085753,1.1619182839547506,-3.4043342680424318
0.16624842998554823,-0.30403438291944457,-0.31023831947721325,0.19022396352942247,-0.21206273615531965,-0.5538732934869366
-0.5200967796430437,1.6486085038259581,1.4929049150639062,-0.9886792151147449,1.7891706449405802,2.617885578340056
1.3883261508089366,-0.8814264333902914,-1.1101243417207605,2.7284004291244592,-0.9983012876535808,-3.5250253764160604
-1.9132090345448003,0.42059679711359227,0.1376459342300282,-3.6886249327740988,0.06845628018313246,4.142738284031936
0.6393650149336273,0.2366116451300451,-0.6709957386374886,1.0066617543459462,0.028551339235944453,-0.7925488103092581
1.5541261307443917,-0.1335635427289257,1.1693779381339517,3.0346663606025697,1.2686566399081134,-3.130822520806057
-0.36001529064604526,0.9685480615938197,0.7008000113125606,-0.8287464878569293,0.789984503395766,1.7557185444869468
0.4396106545456764,-0.36305371707274847,1.2334473388983453,0.7543630927355123,1.3594209579467873,-1.020681710153664
1.0246503936055684,-0.5010531193548817,0.961824904482122,2.0181564747186114,0.8886637732539521,-2.6138297370493997
-0.04599750588906842,-1.1230480367424214,-1.009876381951312,-0.23504183610130955,-1.1031585992327861,-0.9175729490382161
-1.3851984133350086,1.0856528559702368,0.2515220257787443,-2.4770019154242457,-0.2964529098379854,3.3239455971054768
1.9296322699108313,-1.1944747880623763,-1.3869427301996962,3.7741430151127244,-0.793814349419749,-4.874728542719676
0.16799983229473764,-1.3353241426501754,-2.1410291742100145,0.17900297491047346,-1.455089029460185,-1.420758843877623
0.16506395933889484,-0.76172742604919,-1.144576125025333,0.08567786984571188,-0.9853023460462038,-0.7041931667328464
-0.39410153155588046,0.6278552747768597,-2.04731015508506,-0.8554221323881199,-2.1394193011978513,1.6654732539604122
0.31014385814953566,-0.5280752897342892,0.9681029611341989,0.6880302150423662,1.128307889894473,-1.2273060539973595
0.9102903173795098,-1.131705053203929,1.5278943127497184,1.7793389558810075,1.587606642140845,-2.874548754442074
-0.5642409125583594,0.30527951359001737,1.3198718505860558,-0.8192541797320566,0.9492308327269586,1.32075742061888
-1.278562033941774,-0.07225709302435207,2.971104101718902,-1.5712494883023234,2.897121798453976,0.6154036457441423
-0.6778942161523985,1.745103372579546,1.424468900224076,-1.2502682860300027,1.4465654557207923,2.8650504802394345
0.6346474650814207,-1.0229582574990848,0.6462507255852111,1.2226018130115075,0.7299004627681726,-2.417245822698455
-0.47328055771381145,1.3533380806279818,-0.1272027684172544,-0.5089746457279132,-0.8584291120485291,1.477334980742125
0.02115149959784548,2.5169858118539428,-3.38726745655835,0.5862577041192728,-4.877815259951008,2.61317914111327
1.1302640475444805,-1.9768645244411243,-1.0627187745642295,1.3649324491089139,-0.7067841299910201,-3.0525517875372925
-1.0533122791088483,-1.0921710477641235,-0.23051876897604182,-1.713394863140959,-0.6853827951627485,0.6159452328621162
0.0009864226808597894,1.7105882541002817,-0.5363684201899427,0.23298072481578092,-0.9809668365667901,1.3063994042527372
0.06020721760957085,0.6234891453629181,-0.8214693699192631,0.14413423418172797,-0.9062174096535609,0.25948855367995927
-0.710919980258969,-0.24914496863323202,-0.43580738528538765,-1.4100053987507173,-0.5204015151550093,1.0694664420156859
0.4560793654440428,-0.6424102568503612,0.4103704522507524,0.9544928392732345,0.4984512833042382,-1.76302103877364
0.9807265305186184,-1.4715193699667561,1.3276513700149573,1.8899257878661229,1.5781841418007707,-3.289280845379254
-0.495490119861552,-0.8586796889888231,-0.11106406783408193,-0.930499924176964,0.12424872483815777,0.03617114637119636
-1.450776232350895,-0.4916343294465662,0.4533982860835045,-2.462716926748627,-0.4863451963439732,1.730358983591611
-0.12229551626925211,-0.9753786390751122,1.6445825412707271,-0.516847329968214,1.4162474011110229,-0.21242918990673257
-1.2540283246430919,0.2507023917738752,1.0205655582345983,-2.3002490553638375,0.6933776443094599,2.5579927438283394
0.32099613039977476,-1.732517613322025,-0.1687814186899358,0.19445458404467286,0.05388900252565791,-1.2520594298369927
1.000545228559173,0.026604833194014143,0.7162066036353352,1.9074533268264293,0.5762944419754684,-2.0097122320583964
0.46002333686157787,-1.5172417035247898,0.006672111240882891,0.5600822606601564,0.39695013101153065,-1.6068451173571374
1.2944231326784341,-0.6068189172915056,-1.55650420325284,2.2159445233007027,-1.3042175645443297,-3.2960047469977756
0.6210304281785484,-1.5914256667349447,-0.49446198754231674,0.8772427312349499,-0.24162078765763903,-2.078743808172546
0.6906891333465104,-0.9686372021319599,2.2479454339392064,0.9199005679827417,2.6311536628721215,-2.110157589832011
-1.114702489705283,0.9585943728709359,0.2962852454216784,-2.0385514305681256,0.14072674460126897,2.7591345856430713
-0.23228289962518106,-1.1625950093768085,0.2415773711588729,-0.41560210990134194,0.46719548302005603,-0.684335318704879
-1.349122519446423,2.926026427511334,0.18463978254867047,-2.2589751008966976,-0.5567957808419053,4.349565970789939
-0.20787993833741877,1.0176937080530049,1.815680948802158,-0.18181776902901498,1.7790977013311011,1.2773864892892894
1.2991897777484698,0.7162183747444464,0.3678617754335435,2.1709341960841164,0.9688513307851463,-1.8295757553705843
-1.0262844645908271,1.9120443561202751,0.7436627369166178,-1.7070263029012385,0.8775388138063431,2.830742782334867
0.3840665623153338,-0.9133789852941278,-0.9688579222906413,0.6583229573302596,-1.0164735189581224,-1.559776744590276
-0.43129132730380065,0.09285324295384742,0.5240823547207787,-0.5223725077591076,0.39157840480365697,0.8943895372210049
-0.8393217458574262,-1.8504943870766144,-1.1653781893908133,-1.4740750593772176,-1.7144560531394217,-0.37815254087815947
-0.7019519537801568,1.2145111908965878,0.3064144347294426,-1.1691183847436668,-0.0069974563364694695,2.1514519817482753
-0.0886612477439585,1.7757077995352148,-0.49032249510641923,0.10415617319439989,-1.064999078906848,1.4557128850345347
0.8587307659388052,-0.18954295691115605,-0.8059818094275366,1.7192845296289005,-0.4425412875014555,-1.7741300042070387
1.3623529673404793,-1.0443973923624024,-0.8550371222525665,2.456480784435296,-1.0128720793548018,-3.6927183358580544
-0.4331462677591582,1.1231469171829234,-0.3102250689718341,-0.47627228082109857,-1.0688787135640474,1.2756942730186942
0.8636191997376454,-0.4649408989826523,0.049611296477538924,1.701224768923916,0.058774206243288295,-2.230414812157177
0.19766295745591372,2.1776671248362662,0.3249951797313908,-0.20645159596614687,1.1986524519019612,2.214625481252744
1.206056181902222,-1.9705977905650587,0.396088705345224,2.051584374023937,0.8201618176236729,-3.737031098958355
0.0697913508082526,-0.8316044279641316,-0.26944957313522455,-0.11062501993751102,-0.07332673045921756,-0.5781114741387445
0.5191235458776351,-0.14072181695555455,-0.5703695823637687,0.9294855149676304,-0.4759759564759002,-1.3617174206075868
0.6842411155619352,0.6755528865786895,-0.3978543173242477,0.8894165994216164,0.4489573626435404,-0.33284675383929196
-0.3517281071805778,-0.8883597985660151,-0.9964200152101896,-0.8230353529183535,-1.2049538717790853,-0.07227994750377288
-0.5557719731314837,2.032928260961026,-0.6434061577141692,-0.6400329753458986,-1.4209929258118992,2.244095493227618
0.5149996611141014,-0.10433468324832716,0.12981750752222246,0.8693917053812448,0.2501151398987143,-1.0097695180522046
0.029276690198538624,-0.8493370518575114,0.6866061861748824,0.1991484939566665,0.8090167090972372,-1.1669369460167953
-0.5600014731079914,0.6615159661649904,-0.58768717309394,-1.1569191170323256,-0.888272952197443,1.7177455908114592
0.3644397858543257,-0.5160378961038731,0.6197818470213693,0.8466889950389705,0.6566687727434164,-1.4553115843976137
0.8590150345789881,0.7655446569405184,0.5217006223862113,1.3886199320392842,0.802783536305194,-0.7920111795418562
1.3489325661157825,-1.395506947989528,0.11626538870501105,2.4566216543001116,0.5867097136852033,-3.5992497798450396
-1.1656184875185263,0.26656389930898705,-1.0690776172881329,-2.296503390159979,-1.300335627719623,2.6655839970862236
1.3978246656529365,-1.433192993321923,-0.7184932368456387,2.6629071840545113,-0.9440684831665416,-4.05855858733691
0.2526760257880479,1.8795377295477895,0.9323992260261468,0.7020180465054142,0.8296716250593432,0.9626745543250014
-0.5868621399196424,1.6970549552196874,0.9584271457935714,-1.5020755653369842,1.1238847664924696,3.1568764112658605
-1.5194682407679354,1.535339290970321,0.754193513054788,-2.649830563384127,0.13888677003758504,3.682944786796315
-0.26394058225729944,-0.19699229020551925,-0.26733892165780004,-0.7183839658915852,-0.1438630505301367,0.43718435726042343
-0.24953397526487997,0.23716688848068637,0.7479328269599924,-0.3232292073039766,0.7148330488604097,0.720145707978847
1.318702561768413,-0.3365035411980973,-0.3459299152669283,2.7698868382128974,-0.43113603741318196,-3.2894446880771757
-0.7018125405248397,-0.0426124987564923,0.16260897431779925,-1.144942841772545,0.14592740567659207,1.1722507277711114
-1.3568194063556063,0.21149663756512935,-0.8859921843841548,-2.5702986285532323,-1.2816785565238291,2.7839083626434076
0.9711585780800517,0.6617909184434343,-0.48403604906950204,1.9213657518545872,-0.001056183501565739,-1.716488805869154
0.2974122411682859,-0.8774823710025467,-1.6016265706439243,0.2980640409717492,-1.0636435926950836,-0.9903804093135787
-0.4045790130068973,1.292796624015191,0.9174033318314243,-1.079155792466992,1.1258635940233426,2.3464911772922505
-0.9708515444818385,1.785346405536444,0.12655710029294837,-1.4772276636411088,-0.45412986503434205,2.8225667502723097
-1.5202399029432487,0.986716280788634,-1.3134198743779977,-2.9473036535771966,-1.7974645928997324,3.7564507009216794
0.9427791685168552,0.7945703507084266,-0.6764351906440855,1.9826916474694716,-0.27082082154230563,-1.4206186020217417
-0.23099055781778272,0.40158560930404175,-1.5944720571743292,-0.6284873462747516,-1.7053666647307508,1.198397859544213
1.2531068167424337,0.2707118258088002,1.0498508354604514,2.405352133337506,1.10279834669026,-2.091756973257806
-2.3429714025783492,-0.1244483689893244,-0.6703825077782222,-4.526205509990168,-0.5746782313349105,4.198665448286321
0.6904493564685551,-0.4328470305249015,-0.2016332119028645,1.2910653201800675,-0.08907353955936809,-1.7548418571236033
-0.13258612286240062,0.2935283243018467,-1.2191985744657503,-0.4107197183144295,-1.3116151824841604,0.8012686321177865
1.7023179227909455,-2.445389566107629,-0.3450143608202795,3.3767873994625877,-0.2657703624271759,-5.197349126367588
1.5773553093993566,-0.46905774209242357,0.7680682351926162,3.1426603717772363,1.0043392028639198,-3.9302362627432514
-0.00030681040502971053,-0.8953344758791418,-0.7947597363053465,-0.23521019983098584,-0.7848522041506485,-0.5398740047935737
0.1415145816897626,0.48093430576418855,-2.556063953137444,0.2997243728327943,-2.7893534574021133,0.7713542509008604
1.2555052602945302,-1.0468037321918866,-0.994718988159369,2.334320020576391,-1.0478757495563125,-3.5095160474203357
-0.7727013178514166,-0.05200131293109218,1.3446188078250099,-1.0132302963438358,0.7736653047906822,1.1747052483968052
1.122465540427246,-1.3063604953937258,0.49374836645102393,2.019239036055169,0.6069560022853316,-3.2364746614833333
-2.083001099399149,1.6603575114980764,-1.4022320294340458,-4.1819635169666896,-1.6561451557504554,5.693257059702855
0.5434487377353525,-1.5057111339497955,-1.5539439575876757,0.9786845476632008,-1.2870786970422143,-2.0058908605157826
-1.2363475964784028,-0.3350509163713975,-1.1310727704710426,-2.3903952005735545,-1.3250863278206533,2.3150218262575875
0.49524250107784695,-2.9764942262484713,-0.8778970230143051,0.8095053408043252,-1.5574369100251704,-3.1592119436790256
2.398353717412317,-0.44342774439428934,-2.053592161421883,5.169943851658788,-1.9242405089878776,-7.184430855960753
-0.30270931298273807,1.4398831090673199,-0.6888692104709362,-0.19708535115434872,-1.5764469044683036,1.2922491884496001
0.44185610362217276,-0.33854079132744114,-0.3685069637758197,0.8312344675328737,-0.41022384726319766,-1.256131795587007
0.8102749737824004,0.4521541443880983,0.12479490146494282,1.0215867454827927,0.6235813425178552,-0.6874989666891949
0.3875400170880985,0.8351798310450159,0.6290427037953101,0.8761584981196691,0.6271400850909566,-0.2502128624924387
0.007679257813123548,0.8246385031902942,1.0764677156611482,0.18755561609703197,1.0360899352421904,0.8521014464540176
1.6865193502610696,-0.47694447364054793,-0.7700012755656682,3.294684395756097,-0.3253592748917509,-3.9560550789517595
-1.5445972517439035,-0.7510248601798719,0.9351455849863005,-2.6547030279421016,-0.1752434313380575,1.2910644317266535
-1.1593930188234909,-0.6615993295313225,-0.9843846332478687,-2.1250372726477873,-1.5332948300859106,1.5783017108563997
-0.08367207128855561,0.005470394895652205,-0.9803064961059398,-0.3698868770461837,-0.9551031673512131,0.3754117054300378
-1.337867374694787,0.3483291355648976,0.02517814734895424,-2.3292654883877733,-0.5269390623720752,2.629942445579109
0.6037664000984271,-2.1924766383577703,-0.34594997671323113,0.7992635618434117,-0.46976380131212947,-2.169999807100312
-0.7867007010559272,-0.07449347328316867,1.5435526221845408,-0.8852502268463518,0.7520305030592672,1.0725639513539644
0.3975146971783707,-1.7914490642086383,0.726729385583585,0.709848305913542,0.7350781773156416,-2.3669174670212234
0.13235986427040994,-0.2666669926214076,0.07460356513755667,0.3212637035559408,0.1465562899043975,-0.6483358098171557
-0.5423377710961691,-0.22819976682512455,-0.7946015766704172,-1.2477036495806384,-0.8318192420213725,1.090699820859535
0.05022536236436247,-0.6470359665475751,0.08387741038442827,0.053480194725290545,0.39379066436373894,-0.7694504469419395
-0.968022078665396,0.04624343871252279,-0.3960116013424002,-1.8858858369872997,-0.6077725668099313,1.7048686142371754
0.03642028139278268,-1.052775154605844,0.4632661168261384,0.10709092932181621,0.5980145341551598,-1.0873784847991126
-1.633491754901369,1.8790801526820315,0.48642058610163086,-2.7595039811825934,-0.5090379121882238,4.19956719002573
0.12614889814163344,0.030776716931679025,-1.7562445928863266,0.07729172166206752,-1.518779024056964,0.1602393116428086
-1.0002168839904102,1.1417113476339389,-1.0802503490383801,-2.019009840909186,-1.3886508846527474,3.1822421655978816
-1.1990654646136256,1.5630487825980914,-0.5511652802094462,-1.9422510167863027,-1.0190177731447883,3.3546802169937555
0.5104344638157063,-0.0069583001798651685,-1.6998581822421184,1.0226835470294369,-1.3260929172285711,-0.830417945783021
-1.1816200674650068,0.3694094426994322,-0.6073961602978748,-2.227501226614082,-1.0625861924572484,2.4853734951086914
2.066119964261398,-1.543484675336655,-1.836500768632069,4.097637814543731,-1.3036242550409445,-5.718493994775901
0.20960856268472183,-0.17960186360942187,1.2367374142152483,0.3787388230795588,1.3119157920372084,-0.414199308777548
-0.12669517445541734,-0.30142054201961765,0.0007973493878435239,-0.3374116788081418,0.1855152885742567,-0.0353043570621262
0.7730057196511059,-0.6603338913683089,0.40515832869787005,1.4929319313409941,0.39787549171623193,-2.2804257859285464
1.6150938157246733,-0.5099374426777347,-0.25692094311532065,3.407856620509272,-0.33266877165494835,-4.101027412168872
0.8061951325330723,0.0024144797267390446,-2.3213886125084744,1.653396586871978,-2.074645272705745,-1.4139901331433928
-1.500195420266628,1.249464207713095,0.925809354378898,-2.7168612264228966,0.7564270995320815,3.570582822978167
0.39894751929111066,0.5594891416570765,-0.07187054764337589,0.4928689420147977,-0.25578861422174975,-0.17687549535756236
-1.1799504768305527,0.24522185303518854,-0.12301425438474575,-2.0522144494141514,-0.4558757824549295,2.2221118447589614
-1.015009164134415,-0.8945628986838378,-0.14249429254871745,-1.682164367546894,-0.41007706414178824,0.7358622434446324
-1.2625040751806318,1.6115333484309766,-0.3365672236353948,-1.9985815775833984,-0.7231207938556757,3.349515419918126
-1.2220438812249577,0.09777194906313548,-0.3880086645079116,-2.276767001820501,-0.75866089813116,2.202201025571229
-1.1262836767359536,1.8888505547190957,1.1191590336196813,-2.5636316462242266,1.6515524730553721,4.214375749185301
-0.5822610681612053,0.8552745547918155,0.6827467424595635,-1.4399428998458972,0.7809183261696339,2.3182049956602153
1.5587191476142432,-1.7164461975416658,-1.3046928759847407,2.2942237916894226,-0.9035784801913445,-3.9914770829306736
-0.5076844410574142,0.5002837057870347,1.314804913540099,-0.8067161279186937,1.2466541411453897,1.5595349669099283
-0.7574462255502395,0.6539117123081848,1.1498571793473584,-1.2707485176188646,0.9143012244892177,1.8586149395355283
2.3644853469646754,-1.0115583497817981,0.7498952998875587,5.1142490986395845,1.194337865910665,-6.202077867446922
2.1038103187592196,-1.4917873205216994,0.07975265374270712,4.040410465117406,0.5626957946100628,-5.131219317678259
0.09207828186109514,-0.1328670743352279,-0.2834836740529273,0.0789808253777255,-0.38582725095883985,-0.487726595601108
0.6822202775636186,-0.18136039124460335,1.491103499980176,1.4093025838112825,1.4255297347120226,-1.5322817432611227
-0.5276063181802464,-0.41069617816217163,0.3512404139185945,-0.7580116410312746,0.4042622269340875,0.5317246970826237
0.9843456273383173,-0.8186306884001009,-0.7510302745091582,2.169208395908221,-0.8927376162621073,-3.0409345669034686
-1.1947660988409212,1.067807001773359,-0.1639302021078123,-1.8792107531654703,-0.8404936488610527,2.6521118056753497
1.034450317286164,1.892710351043732,-0.6548537405989039,2.1977773095771393,-0.12125872125009624,-0.5814842153802737
2.6098714612103366,-2.06964482727865,-0.11571046022928394,4.774649552294249,0.4446466776609958,-6.219001906445322
0.41273530362716354,-2.5563954531244004,0.9792244644714495,0.8346106951317128,0.35646403159017453,-2.947783330656423
-2.0893170241912227,1.6608313965658354,0.4679305927368541,-3.92217943075664,-0.12395457236576798,5.507924715710942
0.022029404051660317,-0.28554896702799293,-0.6767874298146532,-0.24441104153328588,-0.743853933815296,-0.29735316107869336
0.9024979088708396,-0.07936634638345198,-1.4763929911747218,1.7628010142678867,-1.1485388087295154,-1.840760242432806
0.2489037478598489,0.12789468975765603,-0.19078761436251848,0.42103864234864086,-0.5191447254413502,-0.6040815481503334
-0.20249662465845109,0.7859853520540847,1.126428854941241,-0.2975726295601752,1.1623420024044764,1.389850401597806
0.7766087509615219,0.3208257360037729,0.3438792394016035,1.1858489228905063,0.48772504870704775,-1.0034314093210512
0.04140246589804808,-0.6439739156117622,0.8282336436129987,0.29946370615718304,0.9036983638135252,-1.0499842222498994
-0.2669970745415156,-0.9692954568181147,-1.2247744243589793,-0.5970556431089012,-1.2898543276100645,-0.3465131483676833
-0.7012909832309883,-1.2867979113248276,-0.15067316755893873,-1.1733634090971465,0.06465166107226222,-0.19874924068306682
-0.01591308593294414,-0.7340216173254666,-0.10856959034132027,-0.18598044793087556,0.07928421642254815,-0.4641264373847156
1.1609944973914819,0.02681707920151168,0.11884089516753205,2.138504930207558,0.44493820024483355,-2.517283696331261
1.25179278712127,-1.2521122016971749,0.5500718467364231,2.278971980816597,0.7353891234910351,-3.3900273684141538
-0.7540496224449542,1.1917499785803296,0.03741793673844905,-1.0970707680221945,-0.35138476323503653,1.9338803610632362
0.8896307687545223,-0.18166751307236084,0.9128207961003586,1.7769590016446004,0.8322538434380142,-2.0044527008393187
-0.7353562753941018,-0.6522932314967869,-0.7481541323236814,-1.4357170355752666,-0.9888667399137081,0.9888453287259616
0.08432978434154198,1.3227370625980055,-0.4945516948224651,0.3910746367484507,-1.064293388509091,0.780959164149907
0.9988445195688164,-0.2465065898228753,-0.40567410095994494,2.0081360505720736,-0.19330498698541115,-2.3492070409192896
0.4812372991434723,-0.18096607835985848,0.5400381179387636,1.0369742218377838,0.4715183580740107,-1.3372187382629883
-0.26344503086498405,-1.6831219131456159,1.232933204991424,-0.19263499074695994,0.4468905302802964,-1.269299368700824
-0.3708712467936486,0.5771028556362486,-0.4435153228856833,-0.7324763971537813,-0.6944327617759513,1.0248242653941317
-0.2806984605362304,0.592610305896393,-0.984966725581248,-0.6972237455631992,-1.2604922350087377,1.3416594632639205
-1.2599889635052985,3.2028436754411054,-0.06068546456359378,-2.3852214645623118,-0.6167718953916395,4.974863716002071
-0.8073745742493975,1.3566201521924472,0.588826786217678,-1.4823239260141403,0.32532189790124505,2.6175798300470148
1.4929202005901854,-2.957514710278586,-1.4909359745924744,1.689115304681498,-1.1723739063812406,-3.822635559851234
-0.13202248669952024,0.20718262854928002,-0.396190683793727,-0.4513611127134131,-0.43376299027613685,0.21048988665287627
-0.6843224717012018,0.45370196703193216,0.8509721082488123,-1.2261519782047094,0.6595019430792421,1.6179285966724397
0.77204378537859,-1.1994637740404077,0.8570379282698186,1.4778424099422212,0.9694241129172488,-2.842659191306098
-0.019834177963087035,-0.5396726504640698,-0.659861224282083,-0.39173396220903384,-0.6357484055337814,-0.13314394884098682
-1.887356800241008,-0.9833516316731087,0.413747566226195,-3.2064189170382997,-1.371826037769964,1.5771225654930345
-0.6333131308369081,0.7400167653986401,-0.14297434180942273,-1.066057516170033,-0.4550906651351678,1.5194151155845126
-2.3304202135790004,1.9673660394333152,-0.7287753529519024,-4.1262826533339565,-1.047659690645043,6.076681799243902
-0.36051711545547743,0.24798456162050034,-0.6147192161857784,-0.9213817470572606,-0.6093873864673045,1.054217639063385
-0.860654020307213,1.9698429432451954,-1.031969270142465,-1.4282230094311075,-2.0648538681907653,3.4621446946693757
-0.6641391162124815,0.6702068300905903,-0.26616669473043564,-1.194854724257723,-0.6351494533780708,1.6097770529397797
0.158409859465659,0.6527555727756896,-2.04971636822063,0.3927308684581612,-2.142848779648939,0.6291429566856694
-1.3063021999919178,1.4211729545747034,-0.7594725936428666,-2.2141159415711553,-1.389590552983257,3.6247058719949647
-0.16811963919919093,0.4775585670087186,-0.6169240513301902,-0.4295008285211986,-0.650207549578804,0.6668746238976468
1.5730280386003035,-1.3478683083632814,-1.496408599971877,2.7836747582323116,-1.0460238104542012,-3.8798347503778303
0.9017857728361792,-0.9538987452155483,0.6135138092697208,1.7010872791656713,0.6107676440415252,-2.757527964130597
0.07425656134735574,0.13082846598785952,-0.22388457443829737,0.05262483466696749,-0.3392764217214845,-0.29639521466460345
2.194711380656579,-1.1303194361454798,2.1078640453043183,4.147146433768762,3.7461024585920017,-5.051837333163652
1.6168198883242908,-1.3194647355186393,0.8665863575006749,2.906419664287212,1.6126842353571802,-3.939257245826913
-0.24513956387493863,2.5047809696025194,-0.08361501186333373,-0.23906667554297054,-0.39596278401200846,2.5253074547769057
-0.49311386014107905,-0.8115425221041169,0.6533001171137494,-0.6513045102808074,0.5878182342702758,0.0637664243028846
-0.21640756228966535,0.6572015496589934,1.0579414551764121,-0.3616258721847271,1.1433491243067084,1.3546165876346996
-0.4498581657091671,2.693455262099713,-0.4987713042883285,-0.5512854922563045,-1.0245215937107135,2.8830272226822955
0.846673279206817,-1.8837637929575348,-0.7031845442649122,1.2705558090786917,-0.37104367990954157,-2.662850506029157
1.2281273414618037,0.17165426264150252,2.402195727569595,2.4092947269037164,2.416908171502845,-2.1585611150524153
0.1480441457802842,1.3457354360671554,-0.3103474876890838,0.4404946179239024,-0.7999575219727176,0.8120260519047847
0.08090780021835517,-1.116885818645697,0.5239491263326274,0.188359328823972,0.6395204379102072,-1.2763476265769795
1.3396878357495836,-1.3270272004728396,-0.4544311386241262,2.800752998340395,-0.671735068326162,-4.0171076387462685
-0.8775311046594516,2.404516194693941,-0.6969279595119683,-1.3550688740875751,-1.4691701802057235,3.427682585744143
-1.1440860681093565,1.5564844563437732,-0.8404907847476291,-1.921861014295345,-1.4782116257596525,3.4634256322121475
0.13382468454894617,-0.9326395875738266,-0.26948859871493,0.009368789253364998,-0.056509241755712945,-0.7962592569082245
0.10853481920025862,0.5250870613190441,-0.8620530968059376,0.23671359181057072,-0.8438146594061572,0.12374192763574543
0.15977928056528906,-0.17414599649813678,-0.5926963528367978,0.1311916956094788,-0.6524347291497475,-0.6819685218722933
0.6824313706810939,1.0819972978346435,-1.5405024799049833,1.7895106699965813,-1.787740441051495,-0.305204210462407
-0.41491412721879545,0.3437331603136966,-1.739738905802039,-0.9047644589881945,-1.784235149673218,1.434254726298247
-0.28849397495890655,-1.3586056652655871,0.6322783355631391,-0.1572157691615551,0.49707296600021367,-1.0571600407521964
-0.08197451600850142,0.01204544926038922,0.047705363482365135,-0.05057637901783643,-0.09739057028511608,0.0466430953768824
-0.911505176585341,1.5215044427314484,-0.08300340245624416,-1.3287860329692294,-0.44074039295820777,2.480850731971921
-1.2133538933789818,0.8579848323005482,0.09633100340508968,-2.096554494882384,-0.3133123975723589,2.7454444585050974
-0.054894409186131574,-0.3317444884042322,-0.3543444790424911,-0.3527075001518085,-0.31144304160947495,-0.08770456177023633
0.4276554820134407,-0.23445012379801353,-0.33486453099082003,0.8076669276809938,-0.4241087509138172,-1.1259741213047838
-0.7670170659273408,-0.2757902468161053,-0.15674701003307817,-1.4184004972178752,-0.16189666279789983,0.9968080429196574
-0.42604635679226655,-1.0710169909352225,0.6998919870920564,-0.4948360038376106,0.6018075813070705,-0.4407808383442263
0.6574514306456556,0.581366354184573,-1.0484632314912374,1.3248808231742744,-0.7140732906805317,-0.5156650270342281
0.7025751623166336,-0.3000661609394094,-0.4788792187558807,1.227498980277564,-0.08253684194323116,-1.539770871584862
-0.02108701146230783,1.4648170530276694,-0.4421363537051529,0.23968537158576853,-1.1496439126507831,1.0233800174643173
0.2990144422506741,-0.38005007333947055,0.9628121826250559,0.6521509045610266,1.0942479590967213,-1.0419233233973306
3.0898323831721797,-1.668607906081579,-0.18473666062952776,5.708155854342433,0.7187126541932669,-7.372626601593071
-0.7813887606677069,-0.6764085238140793,-0.5697873053131967,-1.4428864617028276,-0.7645485592633623,0.9635764026286141
0.23427526468395468,1.5226590933770663,1.0291970596843034,0.7730108458153943,0.6317500336597699,0.5661000740673106
0.41182890423264623,1.900616934964887,-0.1702259148105548,0.3544848235176858,0.6613565072382482,1.527798303056326
-0.8874777103992247,1.960981892585857,-1.8973834285553564,-1.7755955221005753,-3.106118150101561,3.4724520475059584
-1.2719917428168084,0.92996978435673,-0.5600893169206984,-2.1875298272499593,-1.2402543812471056,3.1186938480579984
0.18265956997473431,-1.2943743991414463,1.958750344439114,-0.07678077231227906,2.03626463046663,-1.2294861322803072
-1.633507822598853,0.6048652152891709,1.0812044474895057,-3.1891879112533372,1.260754905239419,3.779110144055949
0.9877510294589159,-1.2951935841035382,-0.33084716606087494,1.9156215554812666,-0.21520451137464494,-3.1574045525952226
0.5327353646828208,0.00947827953122982,-0.042061715175285175,0.8183213269010573,0.1034574635279848,-0.7776786253755948
1.629519076193259,-3.2261464677071032,1.1302324241183912,2.372248468667769,2.2904261001516932,-4.679970657693821
-0.7135209276081406,-0.629316823686916,0.7170752950509905,-1.0728914457993,0.5059981997424977,0.5625243516324606
-0.200791619256703,-0.5822640462127665,1.3818345573980344,-0.5825559953384265,1.2154659701271202,0.3354994127511612
1.2511394780397334,-1.3600474895492574,0.8046598414500911,2.188289133566941,1.1918234043898301,-3.367623128085814
-0.059147736949238874,0.7903101654253175,-0.0969026616378362,0.08357117509778368,-0.8859215607441634,0.3949884009319058
-0.4082456232719088,0.6407505778231837,1.807952298601447,-0.43284437649629726,1.6492050311320574,1.1008005067732667
-1.0632087780126198,1.2580836257120422,0.7265155496911401,-1.9140594146671477,0.551678082328188,2.8107820665950336
1.2725725838124209,-1.736904469220008,1.0821238782787768,2.196677002299206,1.7195928615259952,-3.7193615195539036
-0.17294719184943239,1.5771387437848747,-1.1784143301591927,-0.08202827867382102,-1.7956455150921575,1.4318867907623993
-0.9155261780688035,0.618067574046422,0.5678896512958519,-1.7127629561160373,0.40135187404407074,2.350043969672708
-0.8036513895652019,0.7301309134004444,-1.7610137324912016,-1.6156286802125877,-2.0362409063990627,2.4311715778920324
-0.24801474359252526,-1.1834206677247554,-0.170504368953798,-0.5017726520250856,0.042878153755320676,-0.6100630368388384
-0.12633154199753538,0.38536336881635913,-0.6710207439683946,-0.3724683998664119,-0.6585023667192178,0.6042101829804241
-0.5498372441444328,-0.31554512291564046,1.1396818911062596,-0.7198957273284613,0.7030893481907415,0.5925678407437821
-0.36918762858894194,1.69099643757386,-0.22667083251232442,-0.38855635137459027,-0.901116172347868,1.7482374198469774
-0.28485636501831313,1.901263335576862,-1.2231615414399823,-0.2603820479587684,-1.9495654971756846,2.010614260773345
0.9547576942217226,-0.8055059482188678,0.8999027268516744,1.8327287452130026,0.9074680698600638,-2.6838611790160627
-1.9249936818611018,1.5774601894395326,-0.6899518324618166,-3.3031730089403157,-1.1816640611605265,4.886050880158586
-1.5359444706114525,0.478383752964394,-0.45353176782221205,-2.6886044661167148,-1.2820125810385667,3.029947852549467
0.3281019826577661,-1.3306589929638535,0.06295532844744899,0.3671735829421888,0.441556001962654,-1.3063356651810742
1.4925142573888965,-2.13819628881241,-0.6725774301973407,2.776495621917819,-0.5862843233995544,-4.416530076134716
1.1822739611591737,-1.6813264702589181,-0.22554685265996474,2.2425968273685086,-0.10821345843145619,-3.7315099552743876
-0.30429336630166015,1.0487811893501156,-1.939201813808234,-0.7027558186247472,-2.2993266732373345,1.946510550859023
0.23547252907674732,-0.769749400293572,-1.9482824287336091,0.13373424349908306,-1.3532813829438561,-0.7662366791813053
0.39825008834119074,-1.0775135682538386,-0.655731718336769,0.6749929402541605,-0.6633417130931083,-1.7479781567154964
-0.7192056954476389,-0.6568609233528778,0.19510061946807966,-1.1654011031696692,0.3788181482222353,0.35518961713116387
0.7346140590027239,0.17801640278525194,0.9739977276715432,1.5876777064023426,0.9242535584583065,-1.4132048403532906
0.5876324424284636,1.7068334011594983,-0.5011001101715532,0.8008356493160271,0.29608000945057283,1.1066011274879837
-2.2327077308320535,3.1724817963652336,0.9585975781379493,-3.920355800275352,0.4105799603428982,5.470219348057663
0.7568584703914538,0.07106269349239913,0.761648537595142,1.5162885587238308,0.6343758587780016,-1.5214148076406173
-1.6853159879028972,2.340254132272208,0.4935103551209371,-2.788068926526072,-0.6810832679383766,4.672985847127954
0.07871559825925664,-0.8801787400357775,0.03407730108589862,-0.07261457211236082,0.38590996635572744,-0.7665834651993759
-1.5260783213672395,-0.8097408622404807,-0.12369741499954198,-2.4631342261540787,-1.2120135100374656,1.418897972452225
1.079172034659613,-1.2446180929670503,0.6468537876839864,1.939698491568227,0.7625684528639894,-3.1490515347862016
-1.2407353536273853,2.2612518402769872,-0.7039663354773207,-2.1085837699673693,-1.1904426836352267,4.252755389721769
1.805334178471691,-2.2645643421650847,0.2719451121745045,3.3042536908757,0.9923717622576584,-4.937537750484693
-0.4235469470592158,0.2618661441417462,0.01337349690122136,-0.7907757959600702,0.034519192254871475,0.9546059791144811
-1.8385741388753634,0.4127182099050403,0.6919340479184286,-3.5127121184394303,0.5097165154388568,3.8645937838274507
0.4555417024163613,-0.6895057782320891,0.5475501159219038,0.9734771114706825,0.6163127444324522,-1.784776562662331
-0.008176386939928101,1.3973704230094723,-1.1298791839240114,0.18824372504998854,-1.4677583243312748,0.8269906994926653
-1.5344094905633907,1.761087362635736,0.023711768808921306,-2.5843648907499097,-0.8300343163763898,4.0569281153669134
0.45939595945820966,-2.0387759330200153,0.3896550942696636,0.7103002423106319,0.26899597642174233,-2.1491525002891327
-0.4929899635968286,0.9130401176153585,-0.27704437180565045,-0.7361558140929559,-0.8674053073101702,1.3830587383501483
-0.5539340703892397,1.1126412321374286,1.8583954322253866,-0.6251767778898422,1.5768775900884364,1.8157125199710598
-0.10514608583700819,-0.7045271456656651,0.3893731798503348,-0.07747697885698866,0.5099188589788349,-0.6308596679813151
-2.0106166383365487,1.795815301002166,0.410336973271882,-3.67463984660768,-0.3700970636444535,5.3276053472451395
1.0209905661749463,-0.2893791330900286,0.8924561393983329,2.0251536143722513,0.7677669715034119,-2.4089909889041405
-0.7128573312235102,0.40948803435842135,-1.2901599631637521,-1.5895823643984406,-1.216450607912683,2.24953322374252
-0.8866501963370719,1.1510245411239803,-0.1700953109756436,-1.34463845540341,-0.6215495231294049,2.2888971990519256
-0.9697731936261073,1.6224742982717963,1.237259837546527,-2.1100406109355934,1.451483295975834,3.6625048381487857
0.742558416039644,-1.1359849011713476,1.6137973761061268,1.331021375096906,1.6092428511090346,-2.476026066836478
-0.37061047861807805,-0.8754799800463158,-0.0870572129063848,-0.7251886359718308,0.1329990271312339,-0.12478158682624144
-0.8911985028179177,3.2610715659527485,1.0447244377137888,-2.3394978434997515,1.1882371405021124,5.044836860069981
-0.37574367469258607,0.8683937697428571,1.257879637124972,-0.6330983083056125,1.3098161236152102,1.8398098725037566
0.5815420988507386,-0.5036648272177576,-2.2989777704917347,1.0477540665669334,-1.8849461384861814,-1.146010661276585
-0.5023836415502979,0.8757736270524681,0.7976306356798776,-1.1641554864085484,0.853055305491341,2.0614749474164227
0.19136392482114498,-0.044492371002037595,0.7879732162648319,0.759168657332433,0.6621670701884614,-0.9422974852935082
1.9700834036296404,-1.1515399815768916,-1.0021076194707428,3.814440611533819,-0.7216743307655978,-5.037728646394961
0.07745487927059334,-1.9583842643615665,1.2144886278056994,0.14872717396164545,0.5816731604894022,-1.9723580110765133
0.37030762186437266,-1.2073961648720688,-0.532265119229375,0.43808256492130265,-0.2793977535182809,-1.4784109792674403
0.8390272589289949,0.27025207612117713,-0.23193866347583228,1.3060773029949064,0.21292969131982095,-1.391831697986266
-1.0458229148694789,1.9719637248731727,-0.06196149332916684,-1.572695929580866,-0.44985042798023617,3.1171241802098124
1.3706257462408793,-0.6173771978552396,0.027711328329010063,2.95465584297156,-0.03008517580199474,-3.6929064247727763
0.0781594278123107,0.2792346203036913,0.49071211396744785,0.18965452407331407,0.5270751601697938,0.3176542314620267
-0.08941825630519845,0.986371844163555,0.053211522546078485,0.02594287542080532,-0.6507669316239963,0.7315684359696242
-0.81085630089437,1.87461140639385,0.9326365783623348,-1.9409587518576839,1.0099358785529617,3.638885988422724
-1.8026358484233433,2.71300949239061,-0.03265611153660025,-3.211631980643638,-0.8657382283368201,5.54403452361296
2.0216936844824147,-3.4252712050720007,-1.449232355068664,3.042805668576649,-1.2903664306933857,-5.262483288454466
2.193522386731621,-0.9628419240125281,1.5380003469119725,4.295173264288045,2.761427651993147,-5.3524939944775864
-0.27800194627526403,-0.3425365235991863,-2.58197055977097,-0.6199394203343911,-2.017682520568102,0.4733625102388051
-0.26477389163581844,0.262127387962217,0.0901216254612836,-0.4377923101006605,-0.023402418575471214,0.6369424063889605
-0.9185664322899101,0.6388548088513191,-0.5040209160641735,-1.6777285087924498,-0.8916993418470797,2.258181426722254
-0.35129766986059713,0.6383165235131885,0.04643425898681304,-0.5303242734596396,-0.3347495376740653,0.9824776840324755
0.7392650028048863,0.11625713023053526,0.5878483237314449,1.3478543913713976,0.5566753316227313,-1.366737082693339
-0.4530785212733835,-0.5822466690290654,0.9434611416935736,-0.5896930608717084,0.610409077313038,0.25854089573147465
-1.1953589080714044,-0.9495922935466334,0.028238476425659936,-1.8918196282771684,-0.6502085264201097,0.5643327801531479
-0.05449719095367202,-0.8318960186460831,1.1692087619850773,-0.1980179540797955,1.085691936352763,-0.5464044368420893
-0.627555210165109,1.0487242412353575,1.0075517045323352,-1.3446615852463955,1.0460807486517014,2.3644436852132458
1.8408736655779467,-1.117451596222901,0.5115487977754425,3.7332443685729952,1.022901581496399,-4.679994909794717
0.476208764556062,0.10993884970470887,1.8222036559262365,1.0263073286487028,1.8361741889477707,-0.8919067758861728
1.2234567278240165,-2.391370062165063,-0.8981814853586599,1.7542070579655007,-0.5409748415026766,-3.395855310576064
0.2971684202035479,-0.6598022351203274,0.14498942919168695,0.5770019781639459,0.4228931069932146,-1.3340645657348709
-1.2584009527110263,0.5184754001405063,-0.43288912133713997,-2.2348108339020962,-1.1171466151893106,2.5647211706881414
0.6241531984614581,-0.7939190211251947,-0.4158828451671456,1.1351929349722698,-0.16155408893385104,-1.942034177997176
-1.5967640886925167,-0.36421554144919355,0.8418810175759931,-2.7694872627391933,-0.33129682219758444,2.0187432785552666
-1.5156244893533306,-0.4286616226616791,0.7717239884028931,-2.6700722900901632,-0.1747247429331823,1.8682733576426862
1.9556222155403276,-2.8072298628552437,-1.6403070147589645,2.716032459434284,-1.4865081418165818,-5.285204322674462
-1.0761243372262403,0.7004993059121694,0.12595546653961426,-1.8990096643155796,-0.09937575133854015,2.4645226731408125
1.4612115500757195,-0.32105865577228904,-1.1484125464865058,2.88676491241805,-0.9000723468070939,-3.7322488148613147
-0.23279237786785528,0.13609407707056034,2.4231007671541627,-0.19316519658257778,2.762261962301545,-0.42383724964742525
-0.1285009821214788,-1.478649392480944,0.6697804097236842,0.03328784577785471,0.5417239657479525,-1.1676609591848013
1.1184416879780992,-1.159614442035094,2.3318817107289247,1.5754329838746102,3.2544824487395276,-2.810893730084606
2.5777385264523858,-1.8871751726917967,1.589886482576968,5.104711085514368,2.8450016947470633,-6.692340076736583
0.15642618122665464,-0.170337916561306,-0.18577896232792437,0.23469091086604205,-0.1750608491063302,-0.510896700416558
0.5976101870422186,-0.21754768244517075,0.24252074305838778,1.11364326755288,0.29122796908947285,-1.4627088384245943
0.04424038558775473,-0.1523119469648506,-1.5955051828306503,-0.18895735936312458,-1.2301155786406552,0.16407791771266192
0.8511793410683575,-0.46913426771284583,0.9927480446761563,1.6768300586685763,0.9935435806730449,-2.1887221733959774
-3.0135974972406405,1.4492099867762434,-1.6486524365033357,-6.474443531508191,-0.5260562366330171,7.980961890960274
1.9741820530546488,-0.3898967410896908,0.576789896892549,4.395316877505129,0.6091673438549459,-5.419059037285671
0.06572488100793569,-0.30991086725245504,0.18638035220475227,0.26944095594065837,0.26234448414110056,-0.5886080663967587
0.6570424488139432,0.16038358781320233,-0.11343715647810212,0.965713074013175,0.18101799196930493,-0.8907142744361844
-0.557399096525341,-0.12808936212996574,-1.4474175345297926,-1.219674755089106,-1.2963663200391558,1.3496437497851097
1.5368540933255055,-2.3321024971489095,1.3718108628740453,2.604496345406618,2.3501103438427804,-4.514409173970439
-0.9168452442890297,2.4212399475884663,-0.4633661124614856,-1.379933941431435,-1.0551606321824734,3.325982403688549
-0.907533290310713,1.2894627931469158,1.4554981474761275,-1.6226181138445714,1.4350764258754283,2.9285075353707124
1.0439654659408109,-0.30259449431816565,-0.2617124505493936,2.071257153547962,0.011078799325582183,-2.4624101951281805
-0.9588657778849474,0.41251531242245265,-0.5456948505958725,-1.8458102042825102,-0.8842184482964738,2.104332879972222
-0.09356958259111811,-0.30660537566995133,-0.27530868721964197,-0.3996661716929366,-0.1961652970615298,0.013314831657937024
0.815717066350433,0.81673131605942,0.33368097577976574,1.131354880944726,0.6729488542124611,-0.5959132846887284
-0.32755964097053153,-0.3372271799374517,-0.31275053642978123,-0.7992690729983954,-0.21071602850856888,0.43467304901054343
-0.9760697224069464,1.2222704602333785,-0.7781811158819777,-1.7643529719679878,-1.2873911498954949,3.0107973784114037
0.08269469508625078,0.23584550030014115,0.512680511978871,0.2363823174268958,0.544583968739785,0.2083286082121238
1.598831605751152,0.4139836740418698,0.1707765675559176,3.1907633112110134,0.38366895421421043,-3.699740025496017
-1.6091031219059058,0.5958286755472166,1.4005715057304209,-3.009713530047142,1.6003009918766493,3.835321289500096
0.10944127017794926,0.9074186878376918,-0.31699137071704286,0.3657361999068234,-0.9864411139499396,0.3407675749759533
-0.24337831366113938,1.3046190042935382,-0.9790570570417947,-0.3371312429549645,-1.6219859063389352,1.4502548608544636
-1.037489550943369,0.6504521855906313,0.5060090175304613,-1.907416124521311,0.36494528669454734,2.481033485836401
-0.11088893694241463,0.5812139512988032,0.6531443577797408,0.009549107754163098,0.5832768783954398,0.6916930538753808
-2.235986549569803,0.3987749188363946,-0.9346362372343637,-4.251137587169181,-0.9600461816421131,4.598188049649056
0.8311574254315801,-1.7231217888681787,0.45834951992671547,1.4055431919837607,0.6875715250594242,-3.08649968849883
-0.9374893261869176,-0.6684075394834242,-0.28352774325489394,-1.6180698784491456,-0.441882122986004,1.0801745627997625
0.5521985927619261,-1.8210035295966531,0.3563739926610615,0.8534384817157723,0.5501972036729803,-2.292913170121921
-1.2827729961427592,1.0702197797364112,0.40959424819055645,-2.42814400405935,0.1651880133084761,3.2462229937964238
1.1940947253013325,-0.4750325847512662,-0.0751326029203832,2.51130190632931,0.0033984669453967116,-3.088792896971587
-0.04255255322715975,2.155742665179878,1.3946210022749885,-0.21428429977387495,1.9282646857445997,2.0175605378480115
-0.8391979670795764,2.0282104933562777,0.3909125531666976,-1.2818809498533696,-0.36686051381810086,2.8273536493042304
-0.8488624608849467,0.5149108084489034,1.0856366772817148,-1.384655038934777,0.82164803832104,1.708995701986525
1.0746107483642562,-0.7128061194993062,-1.4963786555581635,1.879271696703463,-1.1261827420460493,-2.779273793822667
1.2984278580178998,-1.15294810353988,0.9230650425356363,2.382651723184407,1.2907804425575216,-3.5166915993977197
-1.2384398234277831,1.4695463456594628,0.5518858019578309,-2.0639512219114082,0.08492553863972233,3.115979438169424
-0.7750530353659387,0.28975515205465524,0.31553943017357766,-1.3318261915085017,0.20304117935246285,1.7943598460477337
0.9164256742272116,0.11590293458129329,-0.7124757294876838,1.9070067463451228,-0.5384525821369579,-1.715609936682625
-1.5949051914084964,1.0201044015975886,-0.9495254256867736,-2.8710398810482416,-1.720645111466948,3.8490370151691065
-0.7043629313265831,0.10038151807552649,-0.9844433258161973,-1.536456163766048,-0.9245238407428688,1.923160740253568
2.3168137278036625,-3.3986070098584897,-2.235402178065292,3.3643724572723475,-1.854396025498533,-6.16802652108802
0.5929776338995585,-0.3884866378307062,-1.432087076473693,1.0290392192125553,-0.8265607167669772,-1.270903868630231
-0.945272365715832,1.2256321297716397,-1.3946723680688384,-2.019143259542133,-1.8191979754312457,3.1910410055747342
0.7479688204062834,-0.6475411502872718,-0.951042833862203,1.4395047289951917,-0.5082678874984188,-1.8907525122208149
0.11609972715524132,0.29848062999582103,0.11589647280657536,0.250066479142673,-0.22019509229913076,0.01181262178638555
-0.41290015786427486,1.3829807110845882,-0.6782697596090093,-0.46223786726947313,-1.5207152397348598,1.5994713005068906
2.083713537217321,0.05942976434684005,0.9739670373357329,4.200198257084934,1.3346185595728544,-4.281929351797698
0.9559158638659074,-1.153052499881046,-0.3287115255795282,1.8603715776605172,-0.18782348062326457,-2.987888146760599
0.3960761607291434,-1.1070115139416405,1.3557186131387502,0.6113385670152226,1.5250085535748386,-1.584579981342715
-0.11204337036396637,0.37704823837272194,-1.1659838365069017,-0.32857500082801205,-1.2636418797312423,0.7913714713546371
0.9975630462648629,-0.06359407817969913,-2.5854287873942012,2.1629696172469948,-2.631241743953101,-2.3399999763561596
0.27314137944508954,0.2725754236228755,0.14882667708681382,0.4197647863584954,0.07588811529177361,-0.023193815358030716
-1.1094668761408413,2.306458682986254,0.679730503057433,-1.7391586639070096,0.5078188186151729,3.240310879904632
-0.20671127880963272,1.7483552324029983,0.5213221061193407,-0.631490557562241,0.8589743733344606,2.2156822293400733
2.6534371194585127,-1.4831606968471784,0.2156356492073089,5.044122680441004,1.039626639561653,-6.140693561060463
-0.46714470168199385,0.2453338035106805,1.1560154399287514,-0.6643134646259029,0.8714610202978854,1.0934900839528532
0.09392906160461925,-0.33510071990925105,-0.2815350005620202,0.051415468923379795,-0.17539574172838626,-0.449297045153772
-0.7986235440374742,1.5803251131708698,-0.045167616487530274,-1.1249621813043456,-0.6170158669916926,2.261377133018497
0.018805935307012495,-0.4098911219814124,1.0511837699641782,-0.0024669121818750566,1.2651892526836948,-0.34144927028918093
1.540042760045272,0.8239930274423856,0.2551181407405268,2.677652081335574,0.9618866892181815,-2.5964878119468704
0.6466855136152638,1.3544866572780736,-0.6733786380006753,1.2410145468430476,-0.37992914544285805,0.21093896590379357
0.5214000858674513,-0.32734039522916275,-0.39389727873067615,0.978216139599548,-0.34276353245277846,-1.3894231461413948
1.4230702855963602,-2.763321097812184,-0.7399483254734835,2.3175674274280427,-0.2891463014782348,-3.890749643448892
0.6375230117920307,1.071640563913133,0.764331483600703,1.2709158346197964,1.0217915629333987,-0.45404054401474
0.03962754436166746,0.7745027870525583,-1.323240847372482,0.11254908971386308,-1.2152689707180937,0.7276494929628252
0.23649289060989673,-1.3834101206331277,-0.6926633327752509,0.3117780272273731,-0.7757419771161485,-1.5274935802236729
2.06040114853339,-1.1228170054365751,1.2575280848045156,3.9884782391756994,2.210450422847146,-5.06637858383481
-1.0042038331398,1.889759907330217,0.9360609004993412,-2.2694735343021413,1.301417665849307,3.695715201442547
-1.289807724709345,1.8198836028756622,0.8405963197540218,-2.1286029445115133,1.059792124796116,3.0885646381250753
0.7391717555848486,0.25204252423728285,-1.4332927617080797,1.5574556434461104,-1.1527837847556854,-0.9511498813457925
-0.5283357854847884,-0.9462628286261184,-0.5645687508575653,-1.126671650412002,-0.4054661501767098,0.2686629124039395
0.91873662840984,0.9988236360542633,-0.7211466371987025,2.0579681791996567,-0.4784119071329408,-1.3046634098884864
-0.05060919054205693,0.2745527839251717,1.7476742453519212,0.07991857216193647,1.8027935239652866,0.15565735814232812
0.03045045297403009,0.7061081255320191,-0.2270472707252927,0.19473625826171545,-0.8685937234509,0.21094781899020992
-1.0031591027067444,1.0564322233078562,1.9719026029727704,-1.3492809747113836,1.510441747004627,2.546015129036949
1.1099340416373709,-0.9425029688919424,-0.8770814250486768,2.2326611048826233,-0.9845378230231594,-3.2462722722643274
0.21742137710574264,0.48133698114011286,-1.3385636705394752,0.46326192816939255,-1.0712021958933104,0.05563198941337901
-0.7490718569423555,1.4473617756351782,-0.810125654525031,-1.2593380797299898,-1.6241442322105446,2.747122328583444
0.47748043796015693,0.5990157826179294,1.067592944792952,1.1134536107155604,1.1289795653908898,-0.4956998457415897
-1.225827891462176,1.7700326213085489,0.9839741608747498,-2.3469530050398575,1.693006672590939,3.317760002295905
-0.003415987200251767,-0.46235759107707197,1.2293769879310854,-0.22968976837628174,1.4917219021162875,0.057944379948850246
-0.27502192670730413,0.0009304655732440513,0.21270071763626758,-0.39086847817683434,0.24367490183846122,0.5652200043123387
0.07823831288998156,0.7946728159776428,0.09994637748740332,0.0769098491478539,-0.25091172550812474,0.5682836787115794
-0.28970910689983453,-1.3530354668997875,0.4365765780835047,-0.3201881089084389,0.4795749708216248,-0.9360947808929083
-0.6071416907168835,1.9621866340805312,2.040637298488363,-0.6065196228670656,1.8764669894222856,2.3057638376235334
0.011446217709795427,1.597661679207444,0.11542607940568464,0.002375231679449022,-0.10948750575995761,1.377154918031911
-0.04885609740569414,-1.4324127532414195,2.261165022000173,-0.5480778889005348,2.0745912735395264,-0.9072770309408003
0.5320283348083064,0.5369302338889819,0.336688628463539,0.8736478549337922,0.24757589582084924,-0.3682362428856013
-0.872061899856327,-0.4519421550386178,-0.6470163049853428,-1.6540048855080938,-0.9209279841280557,1.3319120686441237
-0.05987458071415779,0.12578663942871604,-0.7459880598896339,-0.2957283129421427,-0.6716087054420458,0.2763428282461344
-0.9266954881512168,0.933019284658357,0.30036030782368484,-1.7085951045159602,0.26304343528942975,2.4739747453220775
-1.1099678121785663,1.4905002927334658,2.3616901441409173,-1.3900189590723908,1.7864440859532404,3.009469463228704
-1.3105440408862228,1.1595594466660308,0.37980262589199354,-2.4259928714616805,0.04354505501288605,3.323208233377915
-1.2560496279266664,1.8695561643471061,0.8215856255224001,-2.045312850213375,1.251161355462652,2.9365987361437154
-1.1797647974550212,0.6381968280367414,0.5671585185076536,-2.1630060893870087,0.3257266031865799,2.6573479765199646
0.9739024688682174,-1.8850670432261356,-0.04411657995727723,1.8091543256060743,-0.1142526829265201,-3.5417721122244195
-1.4200519424633493,1.055719522125966,-0.7704035825112154,-2.502686367325383,-1.500536094863788,3.626577157954815
2.1902520689802287,-2.859544634131069,-1.460908051871395,3.5663583314504317,-1.6845633799128497,-6.008642780394129
0.7744817360581538,0.7193152311171358,-0.7404890961020308,1.4328796122802845,-0.26655619521726204,-0.6575920394895608
-0.5824189045584847,0.5117998497016798,-0.41571546475270305,-1.1784698297951268,-0.6210211723821003,1.454625889623737
-1.940847370629405,0.3671286461457068,-1.987286854590448,-3.96549985851787,-1.875129849232043,4.671205743934591
0.044883890596550374,1.1503588855689684,0.46990903840410403,-0.09191137062169938,0.7411662292684295,1.0748041329761042
-0.5810352097082764,1.0663899651755575,1.1020733983594473,-1.2368569119674866,1.208116092854002,2.4759887764881197
-1.0153184438672294,1.8297024395595782,1.0436846943686633,-2.3235120973107217,1.3088124610712684,3.89547543181463
0.16764600680862268,-0.8689629019430521,-0.6774737580099611,0.09268818368769087,-0.6842643384715354,-0.8319235359723135
1.4845963538015357,-0.9899455923714103,-0.7616358373462794,2.7607273295221115,-0.9794848448732667,-3.975839231494875
0.5225100763615498,-0.47235853250711995,0.1486039480962222,1.0441477447772294,0.2146607694083264,-1.6742769181338653
0.3542567760135977,-0.7323005674930722,-0.6004670910542939,0.6047173953302641,-0.6022272700847405,-1.4667019781845332
0.1991336716620347,0.12476815735083939,-1.3607014081807394,0.29267772803916275,-0.9924069824942017,-0.17847883135810777
0.26727552031161683,-0.5859562771704034,-0.6391033419659223,0.43120531378664984,-0.7469212699704971,-1.1509388597705446
0.846358169228622,-0.2803941475227615,0.4392382846915096,1.661176406896908,0.34753156543158226,-2.071402750606207
0.045267476655393726,0.46920561346146605,0.6604217063412446,0.3652152200412167,0.6125438323372583,0.1971978910103631
-1.4244310572487915,-0.07865065525959765,-0.8977760436389612,-2.7030938914025113,-1.3479959718682155,2.583929485009419
0.9561999953632208,-1.7004223672500904,-0.3680717652944978,1.680515364135776,-0.1772625422960979,-3.2185381476703485
1.0744076521588848,1.686976965416683,2.168095122306935,1.9586566960946012,2.8595092675906097,-0.45700556078431853
0.12170767549050575,-0.27294624268870576,0.024271861813802705,0.24780578289210117,0.1315911879866172,-0.6200636065815952
-0.7535561582971513,1.6834763451589032,-1.1371420732064348,-1.296306406830629,-2.2813601994212465,3.090583836012378
1.0831138379447667,0.6348860803812327,0.08572058279065704,1.8608195213509202,0.48282883274196015,-1.970318716092982
1.2697055195238327,-1.4130016215130934,-0.6939790813977627,2.4877040538055595,-0.9267321827531418,-3.8853659658982096
-0.16781862817095058,1.6773235380226925,0.960783518840181,-0.5929766129494902,1.507578521143308,2.260206198378807
1.36752728406666,-1.3113359721996978,1.098628120872353,2.4833531755669958,1.7079623593754447,-3.710902395505494
-0.15161164935306226,0.857193728290238,-1.1353689891833556,-0.3162435869688538,-1.3660137649277433,1.1811616251403076
0.18719387719852293,0.35865959122200824,0.3224006567712707,0.28768260957481173,0.278143201375107,0.3231441960923925
-0.04549425183377307,-0.13493621691487434,0.33016288542445593,0.16645068612913586,0.2761323212386372,-0.1804215144819449
-0.09102812277354488,-1.73858025789403,0.43405703421159647,0.030322728487264288,0.3104778527530447,-1.3342770635165675
0.9997424114944574,-0.9972215820617114,-0.2534243897981645,1.917072107405675,-0.06178072092490292,-2.8901378089489422
0.37620266188931484,-0.9157140190671633,0.08248220127276566,0.6022756372353134,0.46526943952014077,-1.4743427786434167
-0.6883802106449105,0.5335833656012349,-1.2984107164658973,-1.55231967078598,-1.240224532212403,2.300807713476696
1.3318737873478208,-1.3260905926290734,0.687985738358673,2.3671666681988035,1.0388279806074932,-3.4824118295972037
-0.5339792453448406,0.12430136870588097,0.2949804583950169,-0.8205426226182911,0.26212292232683126,1.1431343007772572
0.6613341790659785,0.503429693011973,1.2086509490167023,1.4574788114939679,1.2961174405902582,-0.9669434325198354
-0.2735582056518854,2.104487940991414,-1.1987264849552024,-0.2341989123311704,-1.8009457247503433,2.1166393596379938
0.43550886724446314,-2.596499194077325,-0.032848046472061965,0.6267542287172448,-0.3029838773048104,-2.260598913938002
-0.6274960732612421,2.1238688271076174,0.08799251026290865,-0.8992994621496576,-0.3941270137997676,2.6364972761653114
0.09630572807499231,-1.0257209966724252,-0.042718932560402836,-0.11822110814648558,0.31931416589411293,-0.7723061023692156
0.9892581753885604,0.03788639725484447,0.43304367705917546,1.6980733170814417,0.5768534655189277,-1.7785992485935824
0.27943924564754896,-0.530029005976026,1.2605987586255363,0.35478613548056476,1.483551810700372,-0.7184668000597196
0.6246235272648898,0.40054415831477036,-0.5667450444402494,0.9458231428342857,0.14814771662478027,-0.5687314914251178
-1.4492134784467894,-0.4452394186474319,2.793324514705173,-1.8025503862521348,2.115968834589404,1.524099250025234
0.5129151441575123,-2.5846667820711406,0.5367493760755052,0.8610560428355166,0.20130510424822523,-2.5598268590662534
-0.44119500083055163,0.1804236615166316,-0.6523126429807045,-1.0886273200047,-0.5256915924492819,1.2211275811874567
0.5462438291108477,-0.409305326259658,0.3239557979524843,1.1255650616559025,0.3186780687533272,-1.6571036839524107
-1.2588276865606136,0.984879349517175,-0.14383559610595395,-2.015651362393603,-0.7951612559997882,2.747744842791511
-1.2704007057156868,0.09424465138239126,0.7752941591792569,-2.2628991289561986,0.2582928492477463,2.250282231199979
0.3818559494125049,-1.1988649739628494,0.36017038421969694,0.63054609711723,0.7549683761479922,-1.8863822245215929
-1.0921123160007553,1.0572110279403195,1.9774630843913865,-1.5108805711058932,1.5334335231267977,2.6829292530614874
-0.41238617945941863,0.8765339602861834,-0.6813648386886996,-0.8353437640310524,-1.0640735668811296,1.548239275266895
-0.057817360731223275,-0.56128845196478,1.85515115444107,0.06201722145910664,1.437803461849564,-0.6108416225035881
-2.189777661727599,1.5931036490324808,-0.8653884535507778,-3.996738114688866,-0.9077363864459388,5.563301585708754
-0.8831873944636158,-0.11963753276900398,1.4974946766084372,-1.1337440487725396,0.8817746941204668,1.5197760560418923
0.8489495867930361,1.232634622123298,-0.6080129904569649,1.792546640488955,-0.3064135830105629,-0.782953827964995
-1.4871256664361794,0.9203007688803669,-1.274995714731093,-2.8842221386869813,-1.7398441563421523,3.6482367675318783
-0.5107222955956461,1.5318683804201279,-0.7024059488367396,-0.6571589296498804,-1.5355090262156492,1.9716517525051176
-0.9708138624525048,1.2772742364079575,0.4906709566020374,-1.7537226225010136,0.3846474689835338,2.687228852654511
1.0494549418113988,-0.40584135318701653,-0.33002614753107673,2.162912853438285,-0.16816505114834707,-2.645074010132681
0.4494883889392609,2.0167827959521225,-0.0532519172229064,0.2300477310837904,1.0920442965187496,1.777877941643384
-0.18572267704786538,-1.1092047539367123,1.367341303762302,-0.38334049901532846,0.9980979976597475,-0.32662068375395736
-1.2346401072741553,1.3914144810387359,0.8037201663835624,-2.150525774888528,0.47950343629142234,3.189057203253228
-0.528927826892521,-0.36037099060990546,-0.3640767435606467,-1.072256632854648,-0.3219086968237952,0.6379065950052761
0.06938668873180091,0.9479959272491713,0.07647550574021429,0.10686377641096786,-0.3471461682627137,0.6454004703465247
0.24214275573496077,-1.1036080305268108,-0.28652349591259296,0.09516729253903575,0.1181686593230552,-1.0054399744459035
-0.9011181499996556,0.7407064730721826,0.3166927803066931,-1.6548047296096813,0.2903299372521037,2.320837763544711
-0.09671241302106587,-0.6664008432389118,-0.6550695862798006,-0.49883479783023976,-0.5519819874900244,-0.0658190144655855
1.464097617256946,-2.89909029717983,0.02499006843677634,2.566677572951573,0.6117192754547188,-4.714385465331053
0.44856386726181835,-0.25209776710252696,-0.44607278482602175,0.8362255725618075,-0.5220828501822387,-1.2656825448933546
0.7774850933950297,0.3203821579929492,0.17554407424933238,1.0567532058170181,0.5694168607777644,-0.7722651169877789
0.26257580124821805,0.15822531567207693,0.11947492563983432,0.44246336357575095,0.09601392352263963,-0.13243648691894924
0.343935917057553,-0.3015149923515155,-0.4988566385292882,0.6190990473264043,-0.6496909268594926,-1.1538902104409794
1.338321007100789,-0.016034607977929865,-1.1074553311953648,2.9155525203041814,-1.1198358095358705,-3.5018838817480833
-0.9894747407175208,1.515792490903132,1.4787656895521155,-1.9015794697216026,1.6384555584880378,3.386926906862966
0.2451525495740047,1.6946752090025001,0.24094073843906177,0.0011038587062053378,0.7129761738331447,1.5237879442576525
1.2291569229229793,-1.7027489765952033,-0.57713904414689,2.42275977939993,-0.6208143967780064,-3.858255816309139
-0.6321023602073199,2.5233543926020223,-0.2607420377466092,-0.8977969214383724,-0.730814114039974,3.007671556975392
-0.13441089230196177,-1.320112080567584,-1.1588682690431478,-0.3376590876438484,-1.336009064178514,-1.1803462543643903
0.24341211488256323,2.4490905477285883,-0.7343881421768101,0.47246456276490045,-0.2892653949213532,2.085219602397111
0.0010570454597656521,0.36878597991459405,-3.303269017741247,0.06433128528137637,-3.746449647655334,0.8909320977933417
0.28608411823746793,0.05010608802952017,-0.775252048496397,0.45293954125724656,-0.43818677895962355,-0.5977409085991495
-1.9519058853267408,0.7327548796340198,-0.7980758366127897,-3.62571890384159,-1.185079252126435,4.462600338935983
-0.6309982335376089,-0.3632812985094167,-0.2116644091463771,-1.1972227381839888,-0.15970680576686044,0.7246372559265563
0.22822995145392955,-0.3790754759898203,1.286243248455031,0.2268955049564403,1.525689929286037,-0.4137174619015059
-0.620593765892082,0.35255568249666247,-0.5657685513650642,-1.3522572098607006,-0.5951506032046071,1.5335462306278929
0.9476383786529805,-0.9336757202297609,-0.9717841543151648,1.924749167222748,-0.8381454111930738,-2.7523118567636824
-1.0139436974564295,-0.13273687367119774,-0.5843576247489745,-1.972642772508546,-0.8913777638220309,1.7462279879974267
0.6836041135399155,0.06409735538976118,0.43916596448759015,1.1817937950246808,0.4930326481548862,-1.2458252376155197
0.9563669470792394,-1.7790401225144497,0.6361992234326931,1.6065742360868058,0.9116244145261424,-3.3079646987971016
2.3128739857042198,-1.4254503955504685,-0.2042258775262231,4.311154889436116,0.36611929185680125,-5.484823471543249
-0.5398267082160234,0.09351951990545616,0.34012166376990993,-0.8059237250308897,0.30347409297126116,1.1466164904834537
-0.09713281877574206,-1.6781230485243805,0.848847304538379,0.10820373663142473,0.5808474102265152,-1.4975888002226299
-0.1435569489646296,0.07010428264442434,0.14712078306448617,-0.11223365457531703,-0.03539015216279441,0.23843547336804866
-1.011240254558761,1.6260628312990708,-0.12431021153704641,-1.5184790529456296,-0.39852002150376864,2.850763712309707
1.137590042716396,-1.7446074675695524,0.4792453601210982,1.9310311489472543,0.8136264035772359,-3.4678543568398768
-2.740430588885775,2.6181256286488077,-0.5421431627303688,-5.275515492511232,-0.9377740726306194,7.9245611127925315
-0.7036229289113932,1.796193853170742,-0.6616330529618589,-1.0314078981098131,-1.4072936783768786,2.6154323887654347
-1.1062611497221726,1.660156374251815,-2.042478914045874,-2.268361658826847,-2.9858769927868134,3.677574572749521
-1.0879076382844337,2.5916450255044685,-0.9604010166387018,-1.891158780086667,-1.8337012373987291,4.410902684094898
0.6824386307299574,-0.5800995640575698,1.1245611796359634,1.3462149972340642,1.2566725962856582,-1.8876321862599859
-0.6478375286034719,-0.09648019342693757,-1.2043906694058457,-1.4406915365411355,-1.05642755043537,1.6944883661589243
-0.728151284188343,-0.6257852055066283,-0.6760753838691429,-1.4077431091556272,-0.8826829383729332,0.9593515099865016
1.691162341674867,-0.5149985182413462,-0.710784564205921,3.3506846675818385,-0.423859246676319,-4.110316750793044
0.09114001209299559,1.188700530276287,0.45758788636487113,-0.02201579661757423,0.7615300051520799,1.0335148503365987
-0.8832631701897281,-0.2656708314378523,-0.12027218129569248,-1.5767583039749313,-0.19131711045242772,1.2055739770835432
-1.0774847369693783,0.4562476162785658,-0.9216641075253058,-2.1461033901366027,-1.1627259271642223,2.6296750215441254
-0.8826475558533082,0.04462711639898105,0.2701135071300329,-1.4849961398105558,0.18531422742271522,1.6066335640780045
0.5631663300112901,0.7272800452851046,0.26692980780715503,0.8969602178670965,-9.33507814206147e-05,-0.3675228058382957
0.3408287810826766,-0.008938700033194226,1.3858625122775132,0.8302672661745967,1.301585993409766,-0.7837079794991196
-1.2688159004226853,1.0273311342453528,-0.7092423975979535,-2.243134680978537,-1.3567902303936694,3.322077665904915
0.5298669658966533,-2.354599553865487,1.4427929682589213,0.7041724832521499,0.8446199486598832,-2.928130002116297
-0.9494953017587224,1.9534251740948876,0.8229393933067423,-1.9966555790626332,0.8442468559675483,3.4544325416503585
-0.4626780932143708,0.6141556714393929,-0.5221548534691186,-0.9505062737078042,-0.8058124345325062,1.35826962976142
0.6513479813772312,0.02353202348753086,1.130838422286279,1.5380501260548631,1.0598039909754697,-1.4828520510500005
-0.49613104236942024,-0.1333363865979854,1.8712072941629045,-0.2882636427170535,0.9981538347841514,0.1961687991343567
0.07131102402757988,1.4511204254979873,0.2829085259709747,-0.10373687806508773,0.36325545205186605,1.329819698266092
0.08280841217528666,-0.8839739547860656,1.1656789112143644,0.043691340850124646,1.2275892533077302,-0.8088122137622934
-0.25124883876471465,1.0238423927474372,-1.3248967603245596,-0.5536812704267847,-1.6742432311603477,1.629777927180702
-0.26220695690183077,1.0834199622349214,0.20267606635920282,-0.31435164409196437,-0.27411397278820304,1.204999449785733
0.02036302102138171,0.3591013768136857,-1.557010025805845,-0.07118962609873111,-1.422891032358184,0.537801099657104
-1.0041376974314005,0.5105354796604629,-0.9817048181811452,-2.041729586593657,-1.1668824981729582,2.604374335719102
-0.6806873003901212,1.2916550055894753,0.23387553454357632,-0.9972621373776496,-0.1912075242343012,1.9731552496379188
1.0482912704998353,-0.37428067548819915,1.1146626749864277,2.1116405238514258,1.0743685646993462,-2.504866145871678
2.39787851055053,-1.9464736703686705,-1.9449804698081825,4.747835614054756,-1.3340623403050065,-6.609308321507895
1.2298576521229594,-2.0757959724125823,-0.3656271688100713,2.241803881738799,-0.13560294969159437,-3.865346531389977
-0.16619249981751338,0.5755839550772136,1.6257144803981214,-0.10325673193526895,1.5963734795285465,0.7342222106653324
-0.1024611001807608,-1.6353727313959654,0.38070050388061083,-0.032039007776117276,0.3122508356824053,-1.2327198040881726
1.1544620602600382,-0.7747010226426018,-1.2313593831416865,2.2264259421166503,-1.0072696421743683,-2.939138335110885
-0.5645797442077753,0.30034829166758276,1.577222764621725,-0.6647088101075158,1.1199436959483136,1.1434407786012073
1.050343725675347,-1.4404660939531817,0.5613851359788592,1.8220198904298839,0.7369015769726968,-3.17649364678793
1.0841625777794548,-0.06744323580513899,1.3063257359857614,2.276114228971004,1.360244015615565,-2.25929705399398
0.0020119931451933245,-0.3193350031698423,-0.8489066814879657,-0.264750573789278,-0.8126622986155356,-0.10023632674055939
1.4638501323350257,-2.8934899450170533,-2.0821881844981664,1.6570377203498494,-1.7142826494199268,-3.8126927367613335
-0.044238697042565646,0.5032717011907422,0.9995476935458196,0.09668151730615303,0.9558892293782643,0.6057482886347852
0.40446617818894554,0.4189885445442121,1.4488670434385424,0.842032141568393,1.5896422771702787,-0.3857963288859574
1.8942381409869933,-1.3211666400489788,1.9300243946212086,3.6307165490594446,2.981253622824569,-4.551077664854747
0.9724322840860741,-1.228535825452094,-0.43038309825570475,1.8429520073102503,-0.24891212619471328,-2.9956544996899925
-0.7373098982922285,2.234304689905954,1.1227994621698074,-1.6974372087595089,1.2210378148769103,3.7009778412103387
0.6941205969686521,0.7348419832597474,0.4868609254234548,1.1431421059287203,0.581486524161588,-0.5743954849050569
-0.2931593461963571,-0.6054978647948902,0.6521035472052237,-0.22616688507591226,0.5884039983586583,-0.1672949996380652
0.449016758032364,0.40151116902054224,1.1447274640275777,1.0267967718541051,1.2105328382805782,-0.6443520312443656
1.3756793493843993,-0.9933111290461448,-0.501266278438248,2.835948691064373,-0.772499461382941,-3.8112478641542378
-1.162409825015015,0.16238841091060593,-0.2661989000796888,-2.110904239309643,-0.5949323288005216,2.137070355194887
-0.7476875649494215,1.371000545535678,0.1183467368559494,-1.0550283780744416,-0.3896796004594968,2.02849928102844
-1.3045373251970396,0.49040035651912267,-1.3221602027260677,-2.5714075074930496,-1.601376935391159,3.119840772679516
-0.9351209031227606,1.6172417933571723,-0.608269029333233,-1.5116630530323854,-1.2047598728507645,3.083293508727693
1.0416471066304813,-1.1202900600911732,-0.8281634353499536,1.9278563170858272,-0.7740938264078825,-3.0926893742895962
1.139649067501916,-1.3534076471216694,-0.5908969801161965,2.3452903397111036,-0.7462633747996388,-3.6219172406439393
0.8592315672015411,-2.036492733966675,1.2728190668365138,1.506495287317887,1.5983649723213622,-3.536009238313716
0.6567482893481127,1.2188411751719659,-0.2126461627318499,0.740026710285964,0.6474632153036124,0.49371591601587766
-0.3591153737664956,0.056556690907175966,-1.1984745165323747,-0.9194352518953774,-1.0616529334578677,1.220186944000384
0.231355387453783,-1.0596491634978522,0.7888782289478591,0.5860209646462958,0.9127990659477373,-1.8347808590208103
-0.9954390855964738,-1.1849401565480935,-1.1960299255056241,-1.8429786108409287,-1.7216333148060166,0.8209975672072104
-0.3308642724681848,0.10083217197593568,1.479398210733026,-0.200220326822819,1.0566215493097053,0.37608723479360556
1.540352360036193,-0.7850446045432596,0.8493724981223336,2.9071680450540396,1.2798107385254671,-3.8389524433232958
-1.2342460722725856,1.6869426624962718,-0.23987122480219583,-1.9315914199319988,-0.5236775016627933,3.3524791437899792
-1.7801069392142224,1.2130646736505049,-0.102885561456795,-3.0019223348321256,-1.0541325757257456,4.112785570328555
-1.341627746372213,-0.8576035819125556,0.7451190278956377,-2.240332258096005,-0.05594399281779903,0.8095060567924436
0.22891855141377251,-1.5076358430646535,-0.649789543684646,0.23064208965642508,-0.6601601101750629,-1.5149951004189015
1.0755148891658988,0.801750133439136,0.22444535386719602,1.6097291201659958,0.758376588419756,-1.3569340464521318
0.11264452398383733,-1.1349958778771558,0.6124968136964127,0.26330152499197074,0.7076129314123111,-1.4643497913469288
0.293979366721174,-0.8476427813426916,0.32348312740421326,0.5733589108060806,0.623712226795699,-1.589361026805614
0.5453473474151534,-0.6368218790514049,-0.014107027772881253,1.021471351185272,0.12405942943643286,-1.696691721720873
1.524915072475139,-0.5951787656331066,0.40899904357333283,3.115162141026594,0.5972305566566016,-3.8663753484887198
1.022352441465252,-0.13491503924194265,-0.24995856983634665,1.9404439911735563,0.11397955178213198,-2.1987548571889826
-0.7266712955290352,0.4245978672381139,1.0161382180185201,-1.227137052259403,0.7682931790148442,1.4741531180695453
0.5284368425518288,-1.2815367163124558,-0.13607432128471425,0.7351939527079681,0.34894104970409096,-1.7544582613644142
-0.10481507794885753,0.6139622121128876,-0.5028111403108061,-0.1796980220818094,-0.7916335822176938,0.4892255299893043
0.7643730709090724,1.7692602750801285,-0.3021772430587394,0.9528255769873724,0.9027578089270215,0.7995887921212113
0.1599745529636862,0.2522975039865093,-1.0021224586841744,0.24666689493987484,-0.7029162432397604,-0.11215751916466499
0.1587643786506338,0.00366209232598615,-0.6000770723968047,0.17175444112183047,-0.5942891348059974,-0.48474393804004384
0.2712841660740887,-0.5935953246910816,-0.5902865866361638,0.4299632936779819,-0.6397416535862436,-1.1438560104244986
-0.3748794382575899,0.6568574414332276,-0.11125569745500147,-0.6146526657185959,-0.5371613622742958,0.9883828362307033
-0.4542899637906951,-0.9798135787438139,-1.0825343282788222,-0.9704410429916465,-1.3683929064180362,-0.01311553354197021
0.09473829176795422,0.4514592837558192,-0.21280592999756223,0.15380786663309157,-0.5791308606464848,-0.10633673166429157
-1.2989399119712708,1.3131555513744848,0.41832799082280814,-2.2635814409875503,-0.05450609009708122,3.177546531043016
-0.8538975324243665,1.8456345431953791,-0.8327817464239118,-1.3770122565732479,-1.6504178135671863,3.212989832711297
1.6872467390471542,-1.0750807004507674,-0.3884655525211438,3.2982467830049815,-0.3857445258765433,-4.233692815186853
0.9531442310755536,-1.5847918416231355,-0.20150625523709995,1.8140156526124642,-0.21913719343151408,-3.285551458879695
0.8983117707094668,-1.5007385531068116,-0.46990163502372817,1.509329069814382,-0.12033979931527752,-2.8992177947609803
-0.05411764943011902,-0.24756540123509646,-0.7307221190281754,-0.43175502147213196,-0.737744812294903,0.04514150820471317
-0.5817053746908839,0.8745610664826199,-0.5219178641258201,-1.0700096191987083,-0.9988394691937204,1.8358104894379113
1.6076192614461053,-0.9589213551616047,-0.6388980190361763,3.0400734796049003,-0.7532234238974056,-4.2032082080103255
-0.7654725696911481,1.2893804168945857,-2.1976659752408234,-1.5806800592865735,-2.665151108085465,2.8027303619610495
-1.7723634967791466,1.8889863387748989,-1.3221181415009777,-3.2215218025506864,-2.2414350314452496,4.7767318091440325
-0.43623151822027145,-0.0772138043770397,0.06416846152641477,-0.8140527349092725,0.11294702748976579,0.8459135643383563
2.6264720955385936,-0.2877713472416746,-0.8957600256627265,4.9407356937908,0.5471800132613829,-5.928675257756303
0.3208118966173087,-1.4899106256946175,-0.9869336487287252,0.5814829061711649,-1.4115134935734166,-2.0004828920330504
-0.22165570105232485,0.22618058923059906,0.5338973118538379,-0.09527711222579534,0.3693654268539601,0.524889045080314
-1.7971289222411457,1.766295150004517,1.9495978978440784,-3.0739290892641864,1.0991889802244503,4.608954573603472
0.4619406538594389,0.31843884288039537,0.8004943767525482,1.0840313063860034,0.7017595058137411,-0.8523466512217515
1.783739627299509,-2.281571135173198,0.1864086496802192,3.3054088200942804,0.8132588450662829,-4.970309879664288
0.24978844956134325,-1.0661066283255811,-1.0741250616767632,0.3290118214732966,-1.2765007798102501,-1.2790255997602875
0.42354113362085777,0.9743434086726597,1.4472419282851283,0.8455767006781008,1.6794083207813848,0.17751721494343167
0.06748835575022073,-0.9514124482277405,-1.7191378020032972,-0.10097537848004774,-1.0068745352052264,-0.8341565127522589
0.7543279800047056,-0.0248324471231091,0.1336965176134125,1.1996961810385351,0.3323139323869223,-1.3590508332736357
-0.2917204141481767,0.707900947366235,0.43491736537819203,-0.48815791796870145,0.356799289526065,1.1953347554297487
-1.9074946196943297,-0.0017126004624576363,0.5247528863140436,-3.5671769766080237,-0.020359568692798757,3.623135185777633
-2.0912403831038,1.537806552098699,-0.21210996570329563,-3.603040513067411,-1.144872810613326,5.152706840330194
0.0485387916565683,0.6331986594946648,0.774858906688831,0.39461217081357347,0.695558159602718,0.29286377735793884
-0.34648926674153624,0.40469724485503106,-0.19794875684507748,-0.753143839386973,-0.3161427819196464,0.8423293651622112
0.6175576988561875,0.2114940972010632,-1.8843725458966287,1.3720390306206063,-1.609301721835152,-0.8357716946111199
-0.025536603870372168,0.5735535292623929,-0.3873911787806089,0.04247467713341414,-0.7959845850573614,0.21770244518979387
1.5038009863696378,-0.5654677932781931,-1.4928456149016658,2.8808542365055354,-1.2834270189638846,-4.034353755184343
-0.7874980606812297,1.0190605606081902,-1.7032765696554213,-1.6049394462237332,-2.2877462638913064,2.6270634156599546
-0.03684224927819503,0.05253343679694719,0.1907449982181963,0.15503633061304192,-0.011695276021247654,0.04263333990646002
-0.6791966342786512,1.125716901680367,-0.08895723909188835,-0.9614533115219123,-0.6696077819360018,1.685579977256039
-0.7037306054625158,1.3265797238015942,0.7326995031084318,-1.6281586442404952,0.7932434417446316,2.803499279408432
-0.34909974443953273,-1.4920085053264862,0.010185316219854863,-0.6802533404814929,0.3572884664130343,-0.8068411769491328
0.3653210127124015,-1.8586093494307385,-1.8813677440040695,0.7194545012668203,-1.4736403823492346,-2.3315920290651166
-1.1468944479913752,0.13489148941099008,-0.5693500757304228,-2.2704564541981296,-0.9282267903838471,2.13961439804457
1.4835037239378936,-1.0057935579117692,1.2271358566247632,2.788694848061224,1.7423632542447969,-3.7040617424873754
-0.785986936557271,0.21564141251224464,-0.03153599407464237,-1.383395251690704,-0.11176831952070107,1.4806022630455828
0.9078196539798136,-0.12942250020341742,0.6903456607452008,1.7934306097303174,0.5295480398732373,-2.0464045424308517
-1.0677220518824355,0.5262868262562238,-0.5949080068515843,-1.9847999425272507,-1.0004869750742802,2.4770492802339263
0.30880409252127367,-0.24766208037796122,0.8089414617190307,0.7962306340669123,0.8350600901907496,-1.2286305076182091
1.260093331001992,-0.18934820127414265,0.5159386875038032,2.42502800982379,0.6132911593973602,-2.880100882484422
-1.7493734679956718,0.398617052955187,-0.9162492537698115,-3.2397394386175526,-1.5233965113527486,3.4803451485953976
0.03917090451565237,-0.3008283555724713,0.400020909764765,0.374194522242498,0.412648548405844,-0.6234106769318806
0.6847654494937879,-1.809672885764007,-0.505685866913606,1.0143549311305995,-0.34059134013907183,-2.298176922582131
-0.5624546000943192,-1.8438320362878589,-0.04897784866262772,-0.9737500626763647,0.28562122403598517,-1.0129785451281543
0.11589001694084043,-1.7631908521455104,0.5742777976769562,0.3336842814371802,0.4076067408068642,-1.6072137140134284
0.7868666457945833,0.33975001796302595,-0.9848230471732609,1.5404181475890948,-0.5225452750680828,-1.0206076409301028
-1.3313383198180073,2.4465573764323403,0.1282747671626131,-2.1586013893108222,-0.6464277880901746,4.099979569712227
-0.7010611224178438,0.14372935412340979,-1.6803106129339969,-1.3867818585429788,-1.7280542224229116,1.7976223930321824
0.12920746655271437,-1.222599130644168,-0.9959841682495587,0.12757947435755737,-1.2210706131693934,-1.3326214706427537
-1.4799420874829694,0.9554504190230269,-0.5626228861266078,-2.5071507862226188,-1.3684173162561866,3.4714939636482534
0.19182149445741928,1.17901690722595,0.2834159994427248,-0.002321409571430488,0.5262291969479568,1.0284429946686038
-0.36809726528379105,0.15437522184869035,0.4272501755981132,-0.3821724155089251,0.2962386883419878,0.7980151404549786
-0.8098802693309927,-1.3159695224518109,-0.6169022305659282,-1.511567956048156,-0.6637403021060068,0.3646901383022968
-0.47349409243788,0.05524293208602203,-1.5331789243404417,-1.0275773614963428,-1.4545677115324698,1.2874431605100898
1.080630234375205,0.567307332565653,-0.2758991972314988,2.240568262899626,-0.10899481691607876,-2.415943005030422
0.615162701557862,0.4033649773617208,0.028560677931333295,0.8531968013911212,0.09545515292597911,-0.549356851634509
-1.44392025744645,2.2357558575068106,-0.9368298546261011,-2.5316914510281148,-1.6072842490201993,4.61777705066113
1.3096516494734136,-1.352252195901262,1.0077946538796483,2.3596975588022318,1.5566025159045218,-3.5939842924785195
-0.6421480792753732,-0.3327316658773261,0.9084154780771837,-0.9907917021413097,0.5485232771163278,1.0447394308912255
0.9106305533239527,-1.1524079661369842,-1.0441453915403298,1.543358548823093,-0.7327710424005073,-2.6421079714324702
1.7618307990967077,-1.0033789393727228,-0.14284077201276582,3.512330722844489,-0.03961608349585297,-4.384383734587723
0.25332240503120806,0.9910415362429177,0.3574510229926726,0.2277640605438142,0.5976202375887504,0.6052086868297213
-0.5101982132892066,-0.8928895090496598,0.9046950879624694,-0.615228546932406,0.4890083509817425,-0.08882114479226094
-0.6477676718394182,0.7975742478218005,-0.035283806995404024,-1.0551206202974999,-0.2679973458410283,1.6072154123699642
-0.1771040092753837,-0.10844709257162397,0.02516234980902056,-0.3476489663817684,0.0984402124283314,0.23811839661414608
0.9550790385674183,0.4830847540689475,1.0485131016243565,1.9025452332042123,1.1544747151096282,-1.4057718850008363
-1.26213314777565,1.21126652046176,-0.1115889115638159,-1.9384220784297388,-0.8222001112986443,2.9144842632221186
-0.07291418993072296,-0.3497579884605072,1.5684059172375315,0.021950111484825664,1.3347545890996202,-0.2592147070027608
0.6791017542123707,-0.7790201417586781,1.364361734360678,1.281139339580701,1.4747547899409008,-2.0059188209744643
1.6727717496000298,-0.18471826665790225,0.60076257442393,3.6227332487764645,0.5062437399381656,-4.359367337317339
0.3612174609355256,0.320334670682654,1.2444656202202455,0.82247950441512,1.3324632955969935,-0.48873934778759276
0.5122595176925318,-0.2972521369749068,-2.494452481634036,0.950706481495725,-2.2549729738304807,-0.7289639244792918
0.6835507689995424,-0.22398921359343987,1.0896974486522113,1.4178675365106024,1.1333285493267007,-1.5912664116609252
0.1801536984573898,-0.6535906324653699,-0.5681848573150302,0.18211805439625653,-0.5821295635084139,-0.8365360166791209
1.2046768634580907,-0.21667033938946487,0.7670293656973618,2.3705702726492626,0.582881311427554,-2.757813011321687
0.8490196395928569,-0.8108081810169712,0.28816542074835966,1.5741152949666293,0.3041881849549955,-2.4214952095338713
0.8968568307648682,0.5405707763008052,-0.1752535159987638,1.541319820005441,0.06177529503333945,-1.4382913555564132
-0.8740223436103641,1.6392252707649932,-0.225588752988138,-1.2877436039905221,-0.6857580313060684,2.582944205055835
0.45932543970795925,-0.9558510691124001,-1.1528924018628213,0.8054018978407982,-0.9203769561326631,-1.5606096958546223
0.9329280020577179,-1.2057943882495386,2.2825237562250815,1.265411686721317,2.9711078867815983,-2.633518413704501
0.6045963254830365,-0.7172138008683278,-0.6621626215983181,1.1134424623452819,-0.38788608924388496,-1.985040165963576
1.936157567286234,-2.441257532765514,1.2782341289818901,3.287706282969021,2.540417888805162,-5.042709353037097
2.24855843064382,-2.4019572943546423,0.028301941292305878,4.236637381532722,0.46805409767030925,-5.934032532447012
0.6146435509150371,-1.6892978147725282,0.3418454877852185,0.9592820916784506,0.7358192931746138,-2.4222607349075274
-0.7399419047485093,-0.35325555783718976,1.1809070606726697,-1.1534266786312524,0.7315625665371316,1.234875610948292
-1.0108324949447527,0.3798032599303867,-0.07707746944654498,-1.7647624389393748,-0.3249200082084557,2.044267099194066
0.4342792082009068,-0.4177195628324202,-1.1147174552669696,0.6876108606115154,-0.5439479894745874,-1.1242361244399102
0.9618824224971384,-0.6981007931529283,0.6679064403412887,1.8497685614492922,0.5998798876969699,-2.6417239906812022
0.08427174636172367,0.3970413725784417,1.3972680670899007,0.2603743534580125,1.4979452691885513,0.2208081520176563
-0.025110235606137205,0.43490631370018323,0.5009558872114911,0.09763583805135309,0.4036284974095513,0.5574098044080578
0.3424963479790095,-1.809115872113101,0.8853413578341675,0.664452283530167,0.8068736977373342,-2.428669219596077
1.4599961790237177,-3.1691354939513694,0.3149970912361675,2.4972172739880607,0.9920327258339788,-4.778789631137706
-0.23252338829841637,-0.5133863228255295,0.7194164775652554,-0.2100291854065304,0.6773088407518723,-0.19641525755015585
0.6356351204131707,-1.502887746556597,-0.32583217679515253,0.9513401606390163,-0.011365829630623887,-2.1231262430682447
0.6328753836668071,-0.3672429328604064,0.5619382424835444,1.290786996036118,0.500048384157405,-1.769177595389325
-0.4749895445330534,0.8098852989012183,0.9667838685191174,-0.8460370221367658,0.8181348879854601,1.6996937140204706
-0.1465642414100509,-2.9507754238930226,-0.630778226323005,-0.4209617724306473,-0.5791367832639864,-2.213789545564884
0.5889751766672512,0.13142473846092376,0.23526380161561675,0.9344643942999509,0.3475243391879277,-0.8253786181511357
1.7650323791582334,-0.6661836774192481,-1.4971055914334346,3.5412426178193885,-1.1854296472400767,-4.828844895291975
0.33166038921881297,-0.5898268909086924,-1.5873511699592158,0.34965331780856856,-0.977245022643219,-0.7585619192432875
1.3325665658734287,-3.279245999272766,-0.5504193044207252,2.273995334498851,-0.5675835796569523,-4.176239969660451
0.744717970958864,-1.541296654552232,-0.01863823846912485,1.2691032436741834,0.21443493264258212,-2.6510361918243013
0.9013812444012003,0.4099707313684755,1.207385332385567,1.9625323326138846,1.3010859209296934,-1.5263083502412125
1.0775098048010727,0.9852010755265879,-0.7419419611643355,2.6638965461013386,-0.5502410579365369,-2.216868450328324
0.5665484466085408,0.5150791995517449,-1.6120262690550806,1.3498017652412715,-1.578131546774868,-0.5384321779099693
-1.8612914113543126,0.6738822496563243,1.0784581318959372,-3.73017533008052,1.3262675513949551,4.466769619396559
0.5240917541290419,-0.13402735409782845,2.297942059789837,1.234590973065478,2.193279598661479,-1.500180024346886
1.100655201744647,-0.7765701125832307,0.008634971980777999,2.096435146767089,0.2556231874241504,-2.859758330307036
1.7718060128603077,-4.059439558974788,-1.607704344997643,2.3391677317212123,-1.45441626079015,-4.494961784931603
-0.9914198819963055,0.710890037299602,0.6676376330412802,-1.9644475275623678,0.5925913844711049,2.6358066833172678
0.4754017279546751,-1.6777606271542098,-0.1488998091722105,0.548528199335335,0.1618640271091712,-1.6302945011268377
-0.5745987315983797,0.08599148798304347,-1.4786614438531103,-1.227434349715646,-1.398897170519279,1.5804034473750632
0.6522002061048462,0.672665524798678,0.6341250077053712,1.2101120421404645,0.7225861833363245,-0.6223135488723268
-0.5896723282019528,2.2613119741789016,0.05898465131579814,-0.8439907478601026,-0.39059626608879205,2.7409071460331087
-1.367538427549872,1.2285471811806974,-0.40999824248372574,-2.202306984121564,-1.121597090077423,3.300536903812173
-1.1659162637944323,1.0642138498503713,-1.1090549668095007,-2.3072865144272368,-1.4810623373887142,3.3228394347053345
1.0081440266908024,-0.5284700563417375,-1.8647796790394098,1.7375892246796039,-1.29324587996993,-2.5086574567961293
-0.2083879556751929,1.992775268940111,1.1642485711084842,-0.6677466949612527,1.7628922159470424,2.563683632710248
-0.8609121954865382,1.2149951572506423,1.8131740003929921,-1.1829043418856264,1.4388607407030873,2.5075268252488816
1.1236706331032025,-1.7004455380224215,1.3467952144298418,2.086609872533175,1.8057853670306163,-3.6926792104357493
-1.2184193400513508,0.6204109766331336,0.76858887656012,-2.298799361507532,0.5874474986323384,2.8491261847969604
-0.03683945474359815,-1.0460938989555362,0.14644818611206048,-0.18657805802097985,0.3822894496016126,-0.7254732483755596
0.9713843951855089,-0.9106980626969255,0.7772417255207003,1.861795199290478,0.7559685899149536,-2.856786078923291
-0.5423890587018625,-0.020481766931108314,0.9040478923129016,-0.8991906474251672,0.6971392857450348,0.9620888119422947
0.10721055848186412,-0.3648199163473072,0.8457342949969969,0.410897055630765,0.9367394586711798,-0.9305866344483926
1.3750509641990842,-1.7381643332564092,-0.06812387732169567,2.5177957865574094,0.3293589651201519,-3.8867084735976496
1.0231590123724077,0.8127911119348388,0.03212597059874255,1.7418617775544543,0.2542062189239409,-1.5336083674743557
0.3654277064341444,1.729681541826464,0.6465651705670064,0.7963231831964859,0.775915452090301,0.5941731077415622
0.40282922499425006,1.2749674151816641,-0.48768451029921345,0.7109292585145711,-0.3281208800569493,0.5937513277459715
0.4865059451286805,0.3656283213146591,-1.3212070951306663,1.0702527943691778,-1.1451265539266866,-0.54723567647599
-0.01688825880532138,-0.9542715928714438,0.35456392797525216,-0.006861616874723706,0.5061997213323681,-0.900650804800256
0.9702935695632797,-0.23895400468509445,0.580679038623559,1.8886314089189777,0.4443484091816321,-2.2537288049831843
0.08448480388992169,-2.0259814880424463,0.745594073340582,0.3901903287866236,0.4396845898299217,-1.908129987093635
-1.0765051468125857,0.3767006974167998,-0.5574889700351758,-2.049330930074347,-0.9788617992303255,2.2542287490895694
-0.2607902029730396,0.2426275140506766,0.38117766993809,-0.1770271799094663,0.06462236992596926,0.5716414178972613
-0.20722130181103254,1.2036688049959914,0.5742957710279118,-0.5311108895240392,0.7745257091517371,1.6000900731441885
0.40686486526824445,-0.1302448266057408,-0.2188498265002338,0.7074532852704939,-0.2428037546106593,-0.8288785163843758
0.765326353052835,0.60418004522842,0.47416804453494277,1.2406187966868951,0.5533051300839235,-0.7216033400159053
1.7589278416731249,0.3639742149298736,1.1293478834355097,3.350044022426446,1.6822596105992305,-2.994838237350627
-0.993601083920924,-0.32178123128175556,0.0754679166004748,-1.6263197496608197,-0.02470760065624894,1.311647806478971
1.3152224059952926,-0.2712122885657603,-2.012560275649739,2.903088513849582,-2.2591206826865324,-4.006227650571181
1.0004696679075595,0.6864204988431215,0.3905104289517147,1.479266500108393,0.9634183524261288,-0.965635899064326
0.34325621424952585,-0.6018768502314564,1.425365226367902,0.413612584098533,1.6452410354223435,-0.8585186786809725
-0.133725367770226,-1.8988954905160689,1.4195175962289444,-0.2042855289828772,0.5370094698359322,-1.1938047929966713
-2.819390666795275,1.1520252197853253,-2.351085689184328,-6.1942637696428875,-1.9058806200862382,7.568368815419898
-1.7302515008998103,0.7380467384780979,-1.564189544113618,-3.396224885862655,-1.8873622480777186,4.123865766651649
0.6969578392903887,-0.23095916414962586,0.008796350350209661,1.2309764249782953,0.09416145347918423,-1.5556159973001926
-0.4533397742579702,0.5019153648333223,-1.0819062827520205,-1.1234339813392666,-1.2209611672805172,1.8698367924706252
-1.179764163580408,-1.896479133199944,-0.08418184230167344,-1.7576783186807494,-0.9406088738797163,-0.4864216379836214
-0.4344323485844122,-2.415610522993332,0.7890912846527067,-0.19496411159778348,-0.4309006640719172,-2.0663123437462048
0.5810862695664221,-1.0642458965174622,0.15404113365407135,1.0443567987012237,0.36291211244612165,-2.1558059775115885
1.1585985726532226,-2.891843867134892,-0.9362734491271569,1.7949292144633868,-0.9138864661564572,-3.4756366695212018
-2.4899914316314247,1.5481242222668192,-1.8068066582592097,-5.408551378463206,-1.5244677609417037,6.828134793846743
-2.0443732739345633,0.6456738740954551,0.5354990464149937,-4.086809480709354,0.6548765108938139,4.844798360680173
-1.6240733399234508,1.6733546792895981,-0.6017579176058538,-2.6270862728570146,-1.3173255147528449,4.1738579412335
0.6016240751108317,-2.0626412817947446,1.7033282413919202,0.8141141374046545,1.376082917668029,-3.0730528389051694
1.006713355845002,0.4874074385802604,0.4373934098783979,1.5816135677794363,0.820418895120697,-1.2740527669132864
1.6557370364925736,-0.40402542571663197,1.65419539783744,3.1504394607992046,2.2481662337439827,-3.2368888775552356
-0.101596903137481,1.32039348202148,-1.0216587334607803,-0.022904145182058456,-1.4902094060520688,1.0252435651529135
-1.520037126971894,0.8278706408429725,1.4007675289691035,-2.6778218158391813,1.3734731233852293,3.6650527472896854
0.006400175126972574,0.3017065334823506,0.2729770072378188,0.12278720943651814,-0.006751079307120426,0.2930729051189417
1.2813781213270685,0.1498587385286706,-1.2902072399641138,2.7012451712431615,-1.007441212862239,-3.191854842519136
-0.3609544814848738,1.0892174719856316,0.7812696516002059,-0.8810598783866859,0.9121658088520526,1.8813200765079163
0.059323182956586555,-0.19662759957601922,0.19420220375079714,0.2878083724094864,0.18572176952126052,-0.43611114973787896
1.242485388080838,0.44545051948745573,-2.900267752887478,3.3300008438674733,-3.833738932059693,-3.474992389934616
0.3473178965298908,-0.5384558223447082,-0.8835431277931414,0.5717088310974364,-0.7446189147390694,-1.3249282489038934
-0.7979345828957638,0.1924630899834861,2.009232374082278,-0.8251784580919836,1.2296030040511459,1.2031644298402475
0.24494374792402349,-0.1475665801490286,-0.9728203284217081,0.2982839482111331,-0.5082627150719002,-0.5806516685517792
0.14274354440716777,-1.9008917986800735,0.3037626654471933,0.2462806747026125,0.23794638743028304,-1.4625713295837997
0.25903042500541257,1.8684000792485385,0.9234779402181479,0.7220162842853151,0.8125942961967914,0.9321015408576119
1.1032278783259257,-2.5911963246173992,1.4420214984565403,1.81657297259165,1.7188255523710403,-4.241362599132809
-2.1226108770771623,1.955303228119212,0.15606963850314343,-3.8830699782630824,-0.8899751904764543,5.663648291633978
-1.0428298881642495,0.3207282194941574,0.6637670163799981,-1.888905980023258,0.3933939861860717,2.311229032272958
-0.585876187633408,1.0904236170336428,-1.671479884996507,-1.2766665030105089,-2.2745313782551646,2.385645420330448
-1.9782138632601423,-0.5909409353720545,-1.3553133969394555,-3.826579210418407,-1.4504488734946466,3.604426091866998
-1.502687474903223,1.2592355783535105,0.648073919059522,-2.7106341621852614,0.2068803806564236,3.6362217406139044
-1.5142039688077682,0.7123730506972696,0.42374155976878236,-2.8288275540164203,0.14088529180855694,3.3556334528952294
2.3449969861252935,-1.6205255066822701,0.38405231675008233,4.534766671722042,1.0349206316394117,-5.6767748029124645
0.6120117732065312,-1.344521811640777,-0.661123090633795,0.8651830429409562,-0.32555866081151014,-2.052072350632719
1.599883695791276,-0.9478940418749243,2.7121417202840417,2.1639813096348464,4.5524789890501385,-3.0169711747226104
-0.8928760264220689,1.1470360766233931,0.7229131855657063,-1.7364473261031796,0.6819179744806304,2.567008862219779
0.1723774532026246,0.5996154211762412,-0.28037805683744077,0.3114357605405833,-0.688810929967565,0.0033936920900408327
0.6927111229055972,-1.5414218513256315,0.11822964321256627,1.1173725017851683,0.4498052781946181,-2.518302304626126
-0.5128048399995025,0.03480414123277911,-0.03576027719082772,-0.9826909353913468,-0.0030023610467901883,0.9977165495136228
0.12732359468425516,1.0231863647392327,-0.7864640015838064,0.3305665691756161,-1.028241334989149,0.3243928886182684
2.454546995151074,-1.7615230423404478,-0.23208171454869206,4.477725067491144,0.31215517880594545,-5.879416525679987
0.39097276375555046,0.9879210625490464,-0.6480654272073348,0.6745574203872585,-0.41413183995656494,0.08427344706748763
0.557759966556505,1.4429666435668667,3.2047400123747307,0.8821955109414892,4.615985225848385,-0.6983394193034395
-2.5915075932312335,3.074188360398646,-0.3684927220918417,-5.117309301813615,-0.8310031305132607,7.979626657169811
0.015195093753210908,-0.7804229338890665,-0.2540011182980848,-0.20207141431771863,-0.06144397988859555,-0.42745214914494284
-0.14268412395128804,-0.5591738911299852,0.4512515350361006,-0.052912218908750155,0.5123564609917225,-0.446351714719082
0.5477912868277005,-1.7382334543509426,-0.5016499955625296,0.6648219666140559,-0.27453371446089514,-1.8771314645391692
-0.4031700387286736,0.8122063678587055,0.4613845943197886,-0.7307465977552027,0.4300792803907398,1.526003012114376
-0.28650637377850263,-0.2526592050282948,-0.009678168806038792,-0.6120916175195142,0.13054634741253762,0.4407513870564422
-0.5630165241249688,0.4925027576959565,1.067289246113956,-1.0396283112993114,0.9248103167351847,1.5418105499421957
-0.7067134400543325,1.1921457273810212,1.292886316538732,-1.3472404957260928,1.3325016902330413,2.653523131107236
1.0318615060001861,-0.14144602777786486,-1.7851984416306939,2.117183015834697,-1.648764820765828,-2.5110877031167327
0.387116232356511,0.5659732971963845,-1.042930447441392,0.8602874045145683,-0.9260161395953487,-0.35105620755326233
-2.0881088673785926,1.7582603004870654,-0.3749888021012062,-3.5910388163860714,-1.1603029388793433,5.333813185832325
0.6815693853915391,0.820950833207091,0.25571018000305595,1.050680460481267,0.1325196461380269,-0.5515720226572663
0.732649111804076,-1.2530426823833634,-0.6081070103273718,1.0788894600417032,-0.04266244720721842,-2.2339763189469144
-1.7941179913260288,2.0383044402323103,1.040512074766191,-3.161793285416601,0.4229481986702102,4.359219454366261
-0.4307407980915524,-0.2214263339779092,0.8380269222659585,-0.5503071073685434,0.5511606286925165,0.4720186618837792
0.016577274512710787,-1.2610677494698534,-1.1811190369225046,-0.04290693982829921,-1.4031179252180443,-1.3625695744939696
1.423676769469345,-0.7278078096823095,-1.4662292029672914,2.731267491539125,-1.3285882400204527,-3.7925955656745165
-0.31623964833307056,0.3726804184432324,-0.2982138535033966,-0.7447387682084704,-0.43588896050924264,0.7205581843543308
-0.028215158691686715,0.6784110180072401,-0.003344060058296003,0.049864534292068496,-0.554605559927332,0.40921627310523917
-0.3221130929179014,1.6321448131953504,1.1461515737842318,-0.8856452639523723,1.556280873042126,2.504919602214894
0.8913729223364273,-1.3177460129809815,0.9210541066777789,1.6190797383017452,1.1055900377723418,-2.9931151264281395
0.5226486130729953,0.7359130581891188,0.5334270842788552,0.9652810844364018,0.5447444751510815,-0.37528612699407865
-1.7902160183430111,2.435947560167337,-0.5685590911771089,-3.034169268716594,-1.0931231547284779,5.192315971417045
-1.4801715716604193,0.6679141454752696,0.740976106419563,-2.801831540130979,0.4965995728993451,3.2948712647874627
-0.1930024598134254,0.38093995184734636,-0.5040419801660317,-0.5026719462958817,-0.5418889169915283,0.5572033814535907
-0.1240777900738779,-0.5832777064847022,-2.0350273470709643,-0.4687950553373569,-1.307317170563287,-0.04230063717320468
-0.7338266575260086,-0.19894274051833766,1.038499448301424,-1.2238429029190603,0.7480307643673159,1.3563086100266226
0.1462699433290434,-0.8538271627347513,-0.6945776727956746,0.03246298843637055,-0.7034897497666412,-0.7374063200675536
-0.09511290281087753,0.5152886833756607,2.0024107610977677,0.008749538394346373,2.056016940147054,0.4347893877180096
0.411133899140535,-1.667111047473993,1.2118779859840798,0.6756403575683726,1.2624426965519566,-2.366860844073058
0.800997637670773,-0.6835043200336921,2.753750394399722,1.3857082307658755,3.4401068961207466,-2.80439949933086
-1.819851584288193,0.19670823345951285,0.7981649582752814,-3.429426450110094,0.42208538252384054,3.6126193545103535
0.3866371532849305,-0.28278429460520693,0.04689933814387098,0.6790071669576352,0.2326561754743529,-1.0168286437626959
1.2060655205895818,0.6717678741374835,-0.462715556112547,2.7894561774258984,-0.37332572037112094,-3.044161653879582
1.4092686902710674,-3.3871541068773543,-1.4571422133155143,1.5814171056907833,-1.1941680884211865,-3.515559313738041
1.1392262715108523,0.99093033977226,-1.5714745153933274,3.0109092794180374,-2.12466163478266,-2.300051050569391
1.1091893419390073,1.980271597669986,0.34819737859549305,1.6384393792743628,1.9609300075011793,-0.7327632880106973
-1.2381367405060435,2.3049296190406854,0.6047904583316174,-1.8051920475996535,0.466671737642012,3.120127245686968
-0.149003777263281,0.5381941978847772,-0.9371067073182848,-0.3366947624851001,-1.1391396866013035,0.830114941943247
0.5269260460629096,-0.3918055512428924,0.6671224799957228,1.120747807463573,0.6308843928789984,-1.636670635784303
0.46859680737286347,-0.704331423171634,-0.8255195899493845,0.8373691452852268,-0.7074534340706728,-1.7113644319938306
-1.2809423867875336,-0.25059828456716243,-0.8792514752291234,-2.4325933175237724,-1.3732518661026445,2.1383635278997977
0.3706177946648645,-0.46242747352919417,-0.27582595750226013,0.6226484943055453,-0.13811356557727703,-1.1391832601770775
