input_0,input_1,input_2,output_0,output_1,output_2
0.51348070833818,7.4480821781578275,1.1722649260206075,0.07746696483106442,0.07814335226600472,0.045563821084430085
0.7541621991078966,6.849406002681231,1.2032392879404363,0.21395212135337935,0.21495214117605546,0.23368740836944732
-0.4044711753916411,7.098374765514119,1.2193036113515885,-0.07515793648481123,-0.07230907100959089,-0.04780126587895796
0.6305657455054883,4.420727003108062,1.2981492436207878,0.2585712573117486,0.2598290793714655,0.33084284926942104
0.026778844538036785,7.080610661510088,1.2034837719581752,-0.000639670907662067,0.0011606994281892966,0.0007680999489942794
0.34519822707596276,6.986133908599193,1.1966461030441042,0.06460361099285364,0.06572172294025076,0.053966069504536
-0.2976104401633001,-2.7692820368508775,1.474525449776192,-0.2606412005496214,-0.2637133148114406,-0.38660442250632704
-0.2912231954204172,6.575959328540314,1.2309578200075897,-0.056591108814026236,-0.054201761615113836,-0.03697218148607851
0.8443650726956936,0.7042293521810779,1.5527323004688869,0.9448897982357723,0.9519537412045013,1.4568972753313005
-0.1377393873403498,7.312223755497502,1.2003693436678666,-0.03868472271350422,-0.03652142571336939,-0.034007412084384854
0.22383266510193717,6.817737677448456,1.2065044721575504,0.043789004487040935,0.04514624361892558,0.04048935105689786
0.009900413524214738,6.805985379092789,1.2073714315263846,-0.026695428888435152,-0.025215190916864038,-0.0405748237761218
1.1903850298586223,4.231407348610976,1.3181983215414264,0.5112204536577103,0.512877263636113,0.6587874981069916
-0.006017595557873828,6.959962968767249,1.2082351163596117,-0.007320566487850537,-0.005492912565522853,-0.004700940702375175
0.018309890150510797,6.880180442376241,1.2098220797178423,-0.002943873358817689,-0.0011996015684254046,-0.0017009402223472948
-0.025269932003529224,6.412929043941345,1.2151882236730536,-0.057818815682294515,-0.0566761523368422,-0.08726970258355743
-0.38278249859199215,6.4549055665936494,1.2356650326894563,-0.08349002486369854,-0.08104865172415729,-0.06616374526880206
-0.45002752553347763,7.1822491757765246,1.2120964561536733,-0.11091930425942813,-0.10825710077149482,-0.1002929904233045
0.756681899316406,6.904265455535268,1.1889359205753522,0.1593507900792138,0.1597221500026785,0.14046353942929382
0.350971604445402,6.962381404652585,1.196113990450615,0.060987271350319505,0.06202978665239846,0.046765067932277346
-0.7296562847975637,1.277992919564558,1.2722199310505198,-0.746027972129773,-0.7514895998706538,-1.1315408497680546
0.15596228133306586,6.934143604474766,1.2032894939508194,0.02244363120476834,0.02389174978541026,0.01654977884311224
-0.22907161613461718,6.519905524086023,1.222163875787695,-0.08180271355210637,-0.08000091385859814,-0.09109199165230207
-0.03925532611728551,6.319094096901706,1.227936116032575,-0.019269210160111138,-0.01764699111581964,-0.019266003632023816
0.4157886180966914,7.047096669561478,1.1900776086837737,0.06799834062035909,0.06886360590408225,0.04698362388537966
2.0816452116763413,0.3208230540659702,1.484181899422067,1.0114693938412822,1.013700179795572,1.345916203111874
-0.17628273306640066,0.009272590041554452,1.5994480547246788,0.7088962107780089,0.7175017538087157,1.2402934365385208
0.6764446655444576,5.094525290764777,1.2757770979200012,0.26755030826203635,0.2689339637744303,0.3380872258531362
-0.6658754472880662,-0.0058665981190886285,1.3726626464056666,-0.4573767707040196,-0.46018764615199065,-0.6530944308699143
-0.11300765116558285,6.0900817273013494,1.2229907248747018,-0.09730026042866304,-0.09633624692266882,-0.13862297803014484
0.8382829149600887,4.432073108951972,1.3002517685669959,0.33995386590934784,0.3412429824219345,0.4315525903487884
-0.049045310792311975,5.8512935736546865,1.2447232129098849,-0.012485351447918406,-0.010896644676352641,-0.00616633696559422
0.022276748820997436,4.731333071135032,1.2796319046676436,0.012719636095674579,0.013912734890630062,0.023276037485869143
-1.3735180460409533,2.2778501273218237,1.208798764559661,-1.107610870646766,-1.1140975670466615,-1.6290498018917672
-1.1369565038944809,5.8704715540173416,1.2540628202190773,-0.3384668252685971,-0.3358484399419492,-0.3632160045530484
-0.8709004411054627,1.8117394286234685,1.3375086669879221,-0.4340209279646569,-0.4350460498319813,-0.5755088944054035
2.2618660743715067,3.3530429801075794,1.350937656635197,0.8996739638511743,0.9008150209223736,1.1246088659655697
-0.6418061473919092,6.100282839242993,1.244656760574088,-0.18027481588150945,-0.17793119114440248,-0.18390895781989805
0.24290221501687068,7.012394320069954,1.1974095290988105,0.03677964299021502,0.03803565342126977,0.025209274776710262
1.2012203120236662,5.334321377716758,1.2649390182266513,0.43086937350763627,0.43191006645543734,0.5207490961480746
-0.23363517985032187,6.89540299923301,1.2193572996876558,-0.04452983268702475,-0.042148698786238184,-0.026761648742900736
-0.3308860444633441,6.76870338960031,1.226717485081176,-0.0624593550312217,-0.05989842543828709,-0.039682500544668486
-0.10027623834661532,6.601599571740118,1.2239066764635054,-0.019234739434604953,-0.017247690913914104,-0.008040356606744063
0.6703991458755959,7.189806061996329,1.1784264456332783,0.1227028596124777,0.12312483057813069,0.09392389241430166
-0.1134558609984208,5.593711938207516,1.2548665777436177,-0.024845914236675263,-0.023201645759827763,-0.015623917402948558
-0.0047075071856468795,6.692900987260714,1.2119640282678747,-0.026863351454674472,-0.025358040739753517,-0.03826460287465765
-0.3744289243760948,3.4824201905366317,1.3078845834829862,-0.16797769091374418,-0.16754751469504217,-0.21253532787733206
0.3492344957666269,7.4979068394603985,1.1768232990595553,0.04850017874091292,0.04958342400836856,0.026088809275668104
0.9815678262066305,7.675832195833642,1.145707438773582,0.1507165708997723,0.1502483215121778,0.08541476763854246
-0.31360893355159064,6.0692890537484825,1.2434419673117356,-0.078317259464425,-0.07625055196981058,-0.07006011522233926
-0.36180192619024565,6.936092133411755,1.2231484666297148,-0.06585690185407678,-0.06314281494071398,-0.03978824755059564
0.7012931532487924,6.929613219078607,1.192792405624757,0.16095147112727695,0.1615952653072555,0.15322077641134468
-1.5268765097726487,0.6829610559199404,1.400068561874368,-0.5355012551752064,-0.5351784040577472,-0.629713211299413
-0.2763814888021309,5.619395690678189,1.2528400313777257,-0.08562699511475125,-0.08396020758190326,-0.089414649482517
0.2090367727932405,7.43295051795619,1.1846238241267415,0.026328434912719533,0.027752889622397445,0.013759074329621618
0.12584124195386212,7.329222937360142,1.1913050042162978,0.013318156261214043,0.014925080942777306,0.006663832884308346
-0.07193807609195006,7.308126926651845,1.1983208791911935,-0.02589584841281152,-0.023876476579755394,-0.024186220144576935
-0.23732713810929848,5.794137119229367,1.2482619721899775,-0.06868529181384338,-0.06693600733195293,-0.06761754418567922
-0.3206705760770927,6.63938640710715,1.225891279444666,-0.08024640112815527,-0.07798092215629122,-0.07181515553106756
0.6580505843385559,7.265456840842723,1.1732924503679645,0.10622703993543851,0.10653707231436282,0.06819210613981395
-0.07112798815826488,7.299669128148205,1.2001214604355381,-0.01885076464241416,-0.016755766368325625,-0.01236383847533519
0.1879353536480748,6.802750995064009,1.207279225967056,0.03295704828302066,0.03434217752444019,0.028572592240444845
-0.07566635284410766,7.400534970704741,1.196347484036951,-0.023252299902101824,-0.021154841835518867,-0.018979078811680195
-0.011189459004793421,6.44653253016084,1.2146694658016863,-0.050737109539423744,-0.049563161212986054,-0.07776910857773091
-0.30848502342153183,6.942077068875902,1.220648526168681,-0.057922946607177644,-0.05535065533118558,-0.035953494285215465
0.25439752743628374,6.930378432804204,1.200292882867644,0.0421954315002549,0.043436256308299254,0.03229697949178631
0.027843053587560916,5.130088955073552,1.2672898556032595,0.014649059867630883,0.01597283217737451,0.025718869553206444
1.2008671939782571,2.0783592212271405,1.4185093595133833,0.6627285464059035,0.6653856970087947,0.9134422247328556
3.494624838480209,3.588324887310683,1.3145838733995265,1.1906939743207923,1.1898414295084738,1.3961339600316667
1.0113920249703112,4.615778533721252,1.2903409796796053,0.3802073856379714,0.38125961913224804,0.4687047868330615
-0.20390233540894698,5.217908130764467,1.265106778979142,-0.061738987774861864,-0.06024887633500761,-0.062110879605061196
-0.05867970560182262,6.602807359226877,1.2224874757566637,-0.011179392543421257,-0.009282401314735277,-0.0018798208708134256
-0.09362047506158841,6.045063218421758,1.238264143598299,-0.02964537648598089,-0.02799446739784935,-0.027176655355213002
-0.677745271059,1.0271478490092774,1.226724272874622,-0.9627502095756048,-0.9710488754948066,-1.509350440811589
0.32104432483852063,-2.186219454448297,1.5127093526616746,0.19705243575623904,0.19676358242713227,0.27948188914286254
0.007649118727642542,2.898148148866674,1.1383487126725407,-0.8637109231482044,-0.8732689916800591,-1.4643004329300333
0.3360095143351593,6.957777088484421,1.1968881883769367,0.058681869887168316,0.059762283090619095,0.045553543460254045
0.4050210610999193,5.726437796420565,1.2468824521940358,0.1342985242872062,0.13554344635605417,0.16103755778367124
-0.06809228829452367,3.6986984159854153,1.3129744190682333,-0.012010840365148476,-0.011049473780715358,-0.0028378677309316086
0.3655500742622144,7.270577380528461,1.1854995733816425,0.06123921375927256,0.062322775485788406,0.0446868681948948
-1.4075054839088947,3.2149807936627464,1.302019552611454,-0.5812846967567096,-0.5811800553626891,-0.7280380156428495
-0.24854644325709271,6.865759166448358,1.2177739761166078,-0.06060323811321696,-0.05835308907367301,-0.05139095602896088
0.037258060029918175,6.611455213604799,1.2186389663009913,0.005667070322018046,0.007338136863634953,0.009387364910450821
0.011039873760490267,7.0686241000071774,1.2037306558516274,-0.006535254563195286,-0.004737808846902696,-0.006407251460484269
-1.1160146818375554,3.861086153394363,1.257826348683126,-0.5886280177771667,-0.5896847908703237,-0.7930032937076931
0.7148232014010473,6.1526273892639844,1.2253182176224977,0.20277357293658557,0.20358552215970044,0.22151143748659852
-0.19224387141340804,5.273696992495564,1.2488233738068482,-0.12182018916893626,-0.12106271662472985,-0.16630126207887588
-0.022952420211279103,6.640305887290616,1.2134728782431174,-0.033592021488319496,-0.032101766115745736,-0.04641958436369967
-0.33714114545917034,6.89190149482633,1.2236433196431828,-0.06132173154056515,-0.058678798744320734,-0.036563950681684346
-0.02742305796654799,5.932216385900704,1.237076006038248,-0.027756853512600276,-0.02641478286715885,-0.035998357802776194
-0.494007072226962,7.0244363723283465,1.2247721779202099,-0.09159853889600333,-0.08856913517696818,-0.0595656171976777
0.2817512398903688,6.145696611896997,1.2324288418634861,0.08595089745661746,0.08731859176840201,0.1013676925505811
0.467129970167888,5.379971779072173,1.2600056392596317,0.1659291100985436,0.16715177963260977,0.20340013947160435
0.2841813332727262,-1.6239283283398525,1.5291986243281082,0.33370580218820095,0.3353587813752699,0.5186297576161804
0.01575757314667365,5.292912977301301,1.262810106700321,0.013021145816533101,0.014433748888464392,0.025209985763875044
0.14785486494143443,4.5498101525260175,1.293969303594191,0.0937387155033401,0.0952584560555828,0.13815328403556473
0.2537594190830653,7.044381582753398,1.197424290768015,0.04489322281996534,0.04620627264615433,0.037046228714765
1.4575785745009546,0.9630847586190274,1.395475604069951,0.49662778531457646,0.4958421252006808,0.5842172280422676
0.5463203176176414,5.985080271944102,1.2391337082057996,0.18346774996253815,0.18474547718724502,0.2191316317676303
0.2704583092036641,6.155427406876102,1.2443804871774988,0.13602583794017784,0.13802987002101602,0.1885151036823931
0.9031577573336483,7.0964334562657525,1.1785996572557076,0.1898351444372945,0.1899766636724598,0.16583828845365928
0.6903787087371309,0.6046914786925885,1.4221235714283766,0.3043293532291839,0.3045835470913068,0.39613777712124154
-1.1913242007409939,3.413159154318074,1.2224067513809707,-0.8311058960082454,-0.8348017362297542,-1.1916390748511778
-0.3456384653666089,7.130276020872116,1.2102004440208294,-0.09087148489756618,-0.08845556407531589,-0.08514117373713419
0.25404505620038237,6.960191214733502,1.2001214292874234,0.04538412592251389,0.04667357467453345,0.03779257767320226
-0.04302785290440893,7.2564856476185176,1.1974150978434075,-0.027094705036711807,-0.025234560162790343,-0.03147893236711496
0.4792402395367084,7.501708178262406,1.1714215748303294,0.06942894680418198,0.07018127925904935,0.038124771399690956
0.3678509931898915,7.188456883399258,1.1861948268140599,0.05388887480440703,0.05484929485519746,0.0317436412354386
0.9088460715274587,3.344013312776273,1.3423707911194143,0.40097327602031435,0.40229779830246704,0.5220103036707623
-1.1302202132950354,4.713208433847312,1.2687504542494343,-0.4292637565707055,-0.4281180446213943,-0.5192364165166223
-0.1320780759844987,6.518852868202968,1.2273550809301843,-0.026145388311601424,-0.024125508689327415,-0.014063585247271245
0.8864677779627933,3.779562868256411,1.3163249878666086,0.33812541005555713,0.33896238246220733,0.4194425626410356
-0.2383378321892605,6.31016234739476,1.23637874528482,-0.050990713669791826,-0.04885897914732684,-0.037141920030811876
0.19986176549442594,7.246221086244275,1.1909160978616544,0.02544888668719986,0.026841524097464313,0.013844836598424302
-0.3444409308698921,6.693749253662853,1.2292605419752796,-0.066090914508623,-0.06353720241778203,-0.04343271789873589
0.2161841255625732,7.117096736512517,1.1941163627143665,0.027479475458467965,0.02878043174688005,0.014285600993910706
0.4310277878827952,7.2495859164825145,1.1842689583136548,0.07521421912745377,0.07616347117532535,0.0565751218344104
-0.7717227163213942,3.7504764016555203,1.3002481648704338,-0.3000533750392447,-0.2993119182207424,-0.3649586171243831
1.0168792283891637,5.159157950940563,1.3001413252402698,0.49924394430685687,0.5018389844517102,0.6702399825595552
-0.10479131879734696,6.7204534116257335,1.2206871520893763,-0.018737430822737634,-0.01668499001336466,-0.006326814212366228
-0.0012482404541379992,6.8975546070949765,1.2101114924317904,-0.0059488946319467325,-0.004147189533217632,-0.003260027780724521
-0.12504070076188992,6.798325724545975,1.2189195384562486,-0.02278349236211533,-0.02066252040512735,-0.009503939478665065
2.8104057435110734,1.0309745067340534,1.429518410213818,1.1153765665432338,1.115825746613866,1.3908898251540551
0.20812845026249316,3.2839924692469844,1.3573917553892914,0.22077042663366025,0.22308057030520592,0.34258065463683063
-0.09807273120039008,5.183621192568802,1.2616183076838212,-0.04579809348588363,-0.044602573785634994,-0.0541916628596224
-0.5026508473106475,6.82839174924871,1.2270143684696369,-0.11138709368175102,-0.10861514055273602,-0.09171463032893487
0.02729894334214987,6.530596590144713,1.2218176149192659,0.005249306713916459,0.006932681989149722,0.010445361405739048
-0.7106381313643331,7.032333714242713,1.2313894546107047,-0.13502127018482346,-0.13153525950284117,-0.0941432447285663
0.3319412342777259,7.480252353320806,1.1782825671199382,0.04663840507016834,0.04777069173893794,0.026047561401461628
-3.778285668060609,2.852302660850022,1.3616519107111182,-1.1739589426026262,-1.1703746240609085,-1.306262667285399
2.8094258342576865,1.4346665899321227,1.368992462390837,0.9037486329099488,0.9018724677595812,1.031593084861972
0.05643933780297421,6.232951527886115,1.232665565364667,0.022319088626856238,0.023972969833955252,0.03405154238774256
-0.36562517456375515,3.4702852464626943,1.3119746008517337,-0.14864400983881781,-0.14803175278566075,-0.18127782375176985
-0.2203923871403273,5.69584073760969,1.305431581755494,0.17521568245212724,0.17969718223363554,0.34376839560303846
-0.27968901259875445,-1.8068478109340873,1.668962223425293,0.7321155033476208,0.7408443365398732,1.2976899893444445
-0.37558554978127395,6.991343999291667,1.2220043143872987,-0.0680453069001412,-0.06527723608266642,-0.04098852212283867
0.11254038482260988,0.02709849124082364,1.388478862791608,-0.11877673605664987,-0.1210820441268617,-0.21855523496932075
1.2006017712285917,4.880848500401828,1.2797265495427357,0.43392444330930063,0.4348523540452268,0.5258579424466389
0.31493147970121643,7.187045073685579,1.1898487736545387,0.05179072071351663,0.052960651905377173,0.03775648111911002
-0.08860773025804107,6.955814961094783,1.2114611557247157,-0.021756891262926323,-0.019732874397569697,-0.014286415797326826
-0.5488486323010974,7.060859599578461,1.2252443867495928,-0.10319312661843985,-0.1000436677906252,-0.06932715428710579
0.3794483117577327,7.002453442771184,1.1960724353435905,0.07594221814136079,0.07704608008147651,0.06704259086559673
0.6136794330165694,7.5425663152851605,1.1653691977790395,0.09405150280775691,0.09450864164611511,0.05565150592444042
-1.2167212408457249,4.59246107787961,1.2661507251245034,-0.48655203584288864,-0.4857304555763024,-0.6009881809976083
0.1349025923453421,7.0873609490801215,1.198555804773574,0.015339640521993709,0.016849377738026,0.008354981476368447
0.1327144170831215,6.58774035608529,1.2179248227480957,0.03173056513951077,0.03327437938388342,0.03639151290793427
1.6077413437643144,2.1262170061929035,1.5052528976819317,1.1891776009621264,1.1961783761969855,1.734478731817199
0.03350998300682151,1.4885857507259814,1.3626215563284396,-0.06023283278556779,-0.0610194210753381,-0.10412971519692331
0.20805001625942618,6.593038091557872,1.2322396481862259,0.12103686790200992,0.12328862257564176,0.17452723790606586
0.8196211989090902,5.6873791780584275,1.2492098970131886,0.2801036116461651,0.28119675902540703,0.3337588642929296
0.24928475066778574,6.971545957376347,1.198822470366401,0.0395985917810383,0.040845543426678926,0.028827004166981935
-0.20731620211189863,7.091571164957379,1.211891008839569,-0.04170379274048747,-0.03934097264019071,-0.026638699799128692
0.4654349286470539,7.441438805631789,1.1741862185034186,0.06868847762311756,0.06947325859837618,0.03933941633593689
0.5035287715257184,7.305772079336747,1.177228635947196,0.07653123949301441,0.07719339733288695,0.04571385010152395
0.7079675345120905,6.758282315052636,1.1971589697729963,0.159083299462419,0.15961868904273302,0.14876411432793044
-0.4576384289979209,6.661247971422671,1.2324992889492565,-0.09473612201662863,-0.092025363850022,-0.07163711331246604
-0.7890125443461354,2.8728155297247957,1.268605627734695,-0.5647601552477658,-0.5673167885415341,-0.8120580700865937
0.6156369624690388,7.561359653058124,1.1642019350147061,0.09214196676242488,0.0925744617595298,0.05206011872162094
0.23134470304066662,6.187380148714382,1.230580614795924,0.0663705218670323,0.06774739214247365,0.07723430073249347
-1.820892902565185,1.3187102782338798,1.3115106099540816,-0.9384216355058941,-0.9412761818840961,-1.260955635632973
-0.013814223913144307,7.327056455830411,1.1970634669874074,-0.009097313201436223,-0.00713349768221257,-0.0061512517423641
-0.3175050218414643,1.8866967203780964,1.3445673862560437,-0.20469590024956555,-0.20547710950206863,-0.2859256814518061
-0.12586211855791365,2.8544623063417567,1.306151073009004,-0.1767156590915634,-0.177697513039867,-0.27264880057795177
-0.7304444145628918,5.179403883540634,1.2428933805742566,-0.3436505224125249,-0.34312344419246915,-0.44590652161339256
-0.2612044252288112,5.833637802365773,1.2362536468752547,-0.1242517790821361,-0.12303058207122634,-0.157710038156954
-0.06123136331329222,5.90565367486728,1.2434292005937284,-0.014911779608486733,-0.013279234210735597,-0.008060680790849636
0.29604947244926866,5.422830040612584,1.2559740795851217,0.09589549566126374,0.09707479312012607,0.11536886008390976
0.5870883148630581,6.9636067024002095,1.190509592768813,0.11673133534763139,0.11737743913484162,0.09875875405251106
-0.498000148106763,6.880045767348424,1.221420465776921,-0.1273801185317563,-0.12479777793141437,-0.11971334568433961
-0.24977300512556996,6.81455536242266,1.2221782903665166,-0.04861938546007276,-0.04624132422889808,-0.030825184293333082
0.6150843588468909,0.19698602454307856,1.213352827334162,-0.6953941193055265,-0.7065830212635037,-1.2893724015909493
0.5330872908634756,7.3581838830823,1.175273490593528,0.08511579754896391,0.0857644448203934,0.05497480190318696
-0.04342307462957189,6.888437263277773,1.2119033781361581,-0.013638876350560542,-0.01174293343607663,-0.008698370759320336
-0.19171314877247475,6.28235907820128,1.236360581990086,-0.039015859715240554,-0.03696048284612702,-0.02524307696508347
-0.09358146226268385,5.0681576012636915,1.262091925351037,-0.057923258724352104,-0.0569272909129616,-0.07566021264542688
0.39182388263320467,6.515779955056344,1.2136453363909419,0.09114375960009653,0.09220765170510865,0.09042718388593504
0.18625615347197566,5.013664403556367,1.2772500222876748,0.09643799848825942,0.09797362135452929,0.13598887544626684
-0.2679899405750693,6.013451576798662,1.2441864393766453,-0.06714908596244817,-0.06517301517787696,-0.059362184884236634
0.1110869479231201,6.531415342486178,1.2204801497428086,0.02794856388153044,0.02952537436638147,0.03385488343391188
0.7559126936418636,7.620130892681129,1.1586824734059322,0.12353383175972132,0.12373006996067658,0.08004206126489749
-0.5095172549793573,6.86458503620352,1.2294427683997964,-0.09810324364937927,-0.09513413853339117,-0.06788112976067695
0.07596880194927506,7.193831204952401,1.1979612082017206,0.007206517555559389,0.008918081496322908,0.005246844852042413
-0.38432373965189226,6.3201499132190255,1.2361211208662017,-0.10037135679364541,-0.0981646227305822,-0.09463141994850371
-0.6982424932556983,1.2157156913008755,1.3793356390642333,-0.2725390501727949,-0.2726472768979978,-0.3325907395361868
-0.23466580686276767,6.439827686652988,1.228682374650528,-0.06593571338726134,-0.06395106000360816,-0.06314888579530652
0.21113074872545523,3.4048063776078616,1.3646210159432297,0.27006324282070737,0.27297430745968015,0.42585904351373516
0.0904077830654569,7.165082873995067,1.1980728963613823,0.008686730058291436,0.010341991801394463,0.00513636198525691
1.8089132832792933,4.445974276872952,1.3185065563597589,0.7520028159838869,0.7537949524673195,0.9561118403788426
0.0234072245000907,5.635360324098302,1.244237631984341,-0.01942854943404152,-0.018313573276781226,-0.03117355497870902
-0.427375023818437,6.917086408980953,1.2224941681235992,-0.09360857093188278,-0.090933494116469,-0.07508896688777547
-0.07793801821574275,6.695902932248059,1.2199356044993488,-0.016264739986982767,-0.01431063676514474,-0.006995993988107955
0.5437748208860395,5.975722849061438,1.237399418103815,0.1736967858914562,0.17486889775432457,0.20298326680738887
-0.36868097332633537,6.182742560354435,1.2414442009381448,-0.09036027417871806,-0.08815204594743692,-0.08050887919100114
0.6903101199551441,6.587031195029963,1.2057237491751711,0.1674295236321749,0.16808325175986089,0.16607055075108745
-0.46422160572310917,6.891985597472895,1.227363749418505,-0.0881245106345947,-0.08523072520671865,-0.05911025074335204
-0.05790548281681539,6.088446388638947,1.2385572035433774,-0.010307232911289212,-0.008574898742130762,-0.000758978556469822
0.3552834691826668,3.2130035705232998,1.386537636944278,0.38934133170976526,0.39293882243976574,0.6023882874604497
-0.01086080924878562,7.264368554912808,1.1972424381748648,-0.015849275229800515,-0.013998049324192175,-0.018187330193503833
0.12466940675373187,6.746143151399032,1.2119502638664288,0.02429609159058916,0.025841754239250225,0.025281485182685984
0.7191437469684545,4.754383209305571,1.2886642822885437,0.29240856706130175,0.2937791980473215,0.37245683562075643
0.23367009804314015,7.105765202170156,1.1940524214450405,0.03159588659078565,0.0328635428057161,0.01811110846235916
1.5574516074166067,5.286674706352345,1.261873172770658,0.531939404955477,0.5325631177954784,0.6280079532769146
-0.07257604921490801,6.613891952971352,1.2156565914228492,-0.04444636411537129,-0.04287148467492348,-0.05589465916164843
-1.1295298249868393,-2.1624499868314144,1.7313017505888966,0.6691549988061908,0.6807966926087943,1.3443721050954744
-0.18957874687585288,3.9069980692846906,1.3020455975386085,-0.0729929237334031,-0.07213409076482485,-0.08439268943320735
0.15610104192375002,7.003077930822387,1.2004933550579673,0.01958227438027835,0.021019429321779894,0.011691618029370549
0.21593515457774187,7.086110352093362,1.1963026456003067,0.03279156311678834,0.034145151627525655,0.0233448855382101
0.17506894557306207,6.068157503564107,1.2361054482613003,0.05530849874601195,0.05676611766352957,0.06857049796178714
0.5438657673439842,7.401952345562798,1.171708936595528,0.07905943167435302,0.0796043977579736,0.04275018460125871
-0.3162518800003494,-0.8608818646128764,1.4512290749416537,-0.10940352175604691,-0.10999618004519827,-0.12539094696335185
-0.6513955198668454,4.154073991041147,1.284193071603062,-0.27480376749109003,-0.27416682904935846,-0.3436558053736903
2.9459069566075056,4.337295556576892,1.2942775525155161,1.016953962859693,1.0167585468360012,1.2005214356176066
0.1995124320207776,7.139452049095825,1.1948732672960347,0.02819106347910254,0.029581603179622492,0.018522305151977836
0.30854249011545737,6.904494833608257,1.1987542659038206,0.05029751747424331,0.051384217915294184,0.03625386575513233
-0.3718385122092688,7.127595613839929,1.214542395406605,-0.0810356763750798,-0.07839006474797365,-0.06368446858793071
0.29626897931738394,7.001668740656057,1.198230600552815,0.057065456091911375,0.058317707101979255,0.0500189842566459
0.641925257717881,5.166976632682451,1.2677268100961834,0.23027301616844148,0.23139966288550043,0.28101654525401426
-0.15362519945495273,6.5544810808865765,1.2276088336380773,-0.027495559535916685,-0.025384084917729883,-0.01244248085370139
-0.2583882614637792,1.8819456002682053,1.3619017157360904,-0.10898485760877753,-0.10891505489757095,-0.13397402356777277
-0.13446500001324685,7.151605675332035,1.2075801620249118,-0.027733825872724223,-0.025511038222365084,-0.016058862590936095
-0.4545076299317457,4.6148923323383295,1.2744722704623808,-0.18786929178826403,-0.18693868125670207,-0.2313575046851453
0.5491431742668138,7.206113577513806,1.1795504075100094,0.08866597312757059,0.0892341682236169,0.058036372144573176
-0.07184913296548395,7.344384058030049,1.1971927579555557,-0.02588819226500977,-0.02385704453800149,-0.024173717208626582
0.5954900810053395,5.1634615267209965,1.2910609248862006,0.3166829712806589,0.3190202931826095,0.4362684258151231
0.02780486059892348,6.521162537429392,1.2117327696336684,-0.04023700296134786,-0.03908865440353761,-0.06695125668084949
0.6796154249200917,7.468659728241695,1.167103128083264,0.11401480274696471,0.1143876984782284,0.07761076179563203
-0.8118969035639542,4.552226766909655,1.2661722609016042,-0.35437496226870424,-0.35382093002154325,-0.4496577434723928
-0.06739549169622408,7.205609493016711,1.2012941012445142,-0.0252412155070014,-0.023268501370018003,-0.02394006731340518
-0.20980693924650082,6.801126352130595,1.2218747395100464,-0.03820400610168816,-0.0358861765588956,-0.020365087545064543
0.14079045278341423,4.434392831987045,1.2983883614994356,0.09505270389378762,0.09658058048002827,0.14161543830284917
0.15647730486060643,6.717895330900705,1.2118630039959326,0.0308713761071832,0.03234329290465667,0.03068595612372223
0.3015985886596846,6.474904896796882,1.219541644207453,0.08085675330611757,0.08218690641552158,0.0892594714647813
-0.8736562893100953,7.065795238517369,1.2361935736449523,-0.1647194307188859,-0.1608459702493093,-0.11509050971379997
0.2978138540473692,6.970096506043113,1.1992215109373832,0.05764773081767361,0.058889398909135734,0.05071530226347174
1.9107881502648463,3.9415665806105613,1.3484670280514819,0.8497051531044167,0.8520156031915623,1.103492929742014
-3.4423577606560594,1.9048237654327775,1.3904558131131275,-1.062191921987837,-1.059109912358466,-1.1775367602821323
0.2330296062641707,6.738766359437033,1.2071922344551176,0.039178243862280956,0.0404147436038773,0.030954941158720387
-0.8525553805991388,-0.5717873915860432,1.3841373952133225,-0.547448434360551,-0.5506697482021031,-0.7726171460468684
-2.287853935083342,-0.7134019607585538,1.4401861763043982,-0.8078731160516567,-0.8078161957147313,-0.9554448754666116
0.12553588933291743,6.639378078739061,1.2154199092181321,0.02530689171350788,0.02682491225121166,0.026796516425574284
0.25004989222846585,6.824306903181416,1.2048402070197008,0.046270617380845314,0.047542809325619065,0.039963853745289143
-0.9522681274303917,4.672011329073088,1.2621576845486069,-0.4034149480263765,-0.402770236534288,-0.5075374334673767
-0.5644690944226235,5.059440694287787,1.2614664825466444,-0.22187779722446532,-0.22070797417152688,-0.26905708945055845
-0.21904396953617436,5.807678815547854,1.2468756518097932,-0.0667266548418071,-0.0650310391459008,-0.06759263822643385
-3.0395260074147807,0.8067642860390567,1.3322900446469017,-1.3308709748394758,-1.3330677162421463,-1.7075290874517166
-0.07331532582939919,6.700412861237869,1.2203609948771517,-0.012207585583938835,-0.010225214883392734,-0.0009359557934523156
0.7212796710383874,7.485736000092995,1.1636027257446628,0.11509856716244214,0.1153052159082209,0.07191811981353051
-0.5581465706263994,2.5841670685397635,1.3380696917383206,-0.2200084170493456,-0.21966958431110675,-0.2680891041707709
0.36287107347776537,7.360183568077533,1.1805218133489337,0.05063850715922755,0.051640357648952265,0.02719513389891937
-0.22245161184296278,6.96346340011446,1.2168867165858412,-0.042324674091787105,-0.03994472465720618,-0.02500923060742622
-0.09985725911496843,4.783501890223701,1.2787737372978814,-0.025449702836125087,-0.024142659969420464,-0.019459955707241086
0.26061417847304436,2.8347316912582854,1.3393871380107387,0.09816214213088263,0.09866245286420272,0.12452216427275452
1.86315800447405,3.7538113720955737,1.3678609222759752,0.8932643295815178,0.8962304058310754,1.1860598140177783
-0.29389219997109417,6.845631672244783,1.2229141470185116,-0.056138993224001406,-0.05364270523584795,-0.035604748846163506
-0.6308940551096763,6.170569985865278,1.2274752538344695,-0.24258541546202783,-0.24099225181967007,-0.2917467177714959
0.33678468265555594,-1.9770296822505031,1.5417979098327033,0.35889687177595553,0.3604925117300446,0.5517665829256418
0.4834595901573998,7.3206157110297525,1.1780751923141646,0.07545908773365514,0.07620260579165275,0.04753096545229673
-0.10148378992865943,6.55964861735451,1.2123815454016902,-0.0760718282350363,-0.07475521934803842,-0.1044306983306545
-0.41446467155762107,6.1085042257485975,1.2141300771874308,-0.2362154849066097,-0.23552752617010572,-0.32012466968745285
-0.915923379927915,1.211380027730315,1.3220342824809324,-0.599222840329556,-0.602172175829018,-0.8483670840667719
-0.3308956592351058,6.897423302787323,1.221876188952139,-0.06622215854501311,-0.06366211147294519,-0.046020043041140046
-0.39150688027486036,6.866452376438921,1.2233826393394416,-0.08441117780600406,-0.0818047592955881,-0.06597297938107316
0.7271102957795403,3.6600012876948993,1.3474458553022997,0.40460911259415866,0.406886273808147,0.5612215962358584
-0.3927806638318393,7.167281369704632,1.2113363040400706,-0.09685036709896123,-0.09428291308249724,-0.08675262408914121
-0.12565482964634253,7.048645439986879,1.21055427163585,-0.025685442337505457,-0.023512134811270395,-0.014216801569098603
-0.8171322920369914,2.5813622770710305,1.3269855485722404,-0.35716729993413204,-0.3572792749809997,-0.45430299604737423
-0.7748854725534673,-0.524256051740914,1.4363313173065324,-0.28492815461915066,-0.2854208935202628,-0.3405200689538001
-0.005808464797114162,7.4224640779108935,1.1926463154630091,-0.01280992899701526,-0.01089301605841488,-0.01386871595065648
-0.691997704770703,7.099975212384469,1.2296517933077598,-0.12711444521069099,-0.12359639932684173,-0.08405118931096496
-0.02580469372454965,-0.4035868702364196,1.448203983583861,0.03830427646731204,0.03829732995139354,0.0732506405215528
-0.22926186544350055,6.265753556432158,1.2371684403330925,-0.05048394441062283,-0.04840130882923978,-0.03794266448858153
0.7745149871101813,1.358003894570838,1.3731834010603474,0.22024760269053548,0.21940105946007132,0.2383405719472136
-0.3060859737166556,6.628465616891272,1.229633471000699,-0.06031324339631789,-0.0578839056189729,-0.0405847678771374
0.7886290100010266,2.7378211562779775,1.3720587397412356,0.4081352793053234,0.4098737290272169,0.5556818292756679
-0.24057734470612716,6.65168405631191,1.21745865656262,-0.08845651623317102,-0.08663731949609813,-0.1002603348774539
0.17734806486526378,7.127206942897791,1.2079372273302855,0.07647097675394239,0.07851778680596017,0.10457760726983385
-0.4615578612460951,6.46986742068676,1.2353837598628603,-0.10945767382589185,-0.10696473901108304,-0.09602825096601368
-0.5707458066663157,7.227754126471231,1.2217650518845595,-0.1031987311489164,-0.09989673321064071,-0.06530123514055886
0.46670436196422244,7.315934501570988,1.1777613375944622,0.0677465216623804,0.06847289389909367,0.037454869615478364
0.3068413530325033,6.450394039123104,1.2211987493134437,0.08658915012036693,0.0879546609402617,0.09804175271648963
-0.030866829813357786,6.430898831984283,1.2230164490703468,-0.02282821636097947,-0.021247343190670887,-0.026784647619404977
0.22296035684011803,7.170659442160788,1.1934309331524577,0.0340657672933539,0.03543124518435946,0.024275017063822964
-1.0672908158226595,0.7242900499068305,1.3605923291638613,-0.5473873233950262,-0.5492248851723435,-0.733086026896642
0.6829935015650779,7.22319200570833,1.1810078911475004,0.1428905775712449,0.1435029502664328,0.12596620222692378
0.08501868543651814,5.714871806649816,1.2490741770618266,0.033624125020645726,0.03511042478124243,0.04786768163428586
-0.22240981401387952,6.969536551822081,1.2165242918221653,-0.04307747015986317,-0.040704447876551,-0.026293512188862476
1.9088004177732114,1.3819119435208043,1.415263725424206,0.7941033143172023,0.7949222752890986,1.0082603467811433
-0.11014794547510184,6.64320150316956,1.223161490573177,-0.020198591946821706,-0.018165177179762078,-0.007873562651337259
0.39614465413608785,7.290885682386048,1.1838516249160804,0.06715245500248118,0.06817611527047207,0.04920674729123542
0.08889489098512031,6.898449896278099,1.204773327564543,0.001317580901381978,0.002804896804804143,-0.0072278282297353795
0.349278489964846,6.931317533451484,1.1990450642818393,0.06907508201622028,0.07020892120696702,0.0608028861421258
0.21803373636896445,6.037118547141132,1.2365431767102761,0.06760459988650457,0.06900473550506706,0.08167637624398073
0.1014752423720045,6.688581093283644,1.2153128863552678,0.023365160540045286,0.024983544933466006,0.027873121785136318
-0.2672484184494276,6.370833498923655,1.228939026244504,-0.08528097781934961,-0.08340024112196132,-0.09015667926326842
-0.11065930297758145,6.913315773383502,1.213883195437453,-0.024385295372889054,-0.022308364469423473,-0.014779869195037078
0.014636050947458843,1.4057417176225853,1.3658757046782848,-0.06361836108410715,-0.0643883697106061,-0.1065023951132276
0.1082090046300387,6.763687142234848,1.2077353329643308,0.002548093385148072,0.003919281108782268,-0.008690711790046608
0.6558630143981536,7.345602705459083,1.1704197789832804,0.10376631955572548,0.10408409366383659,0.06444071798867508
-0.3323794024466474,6.772056471007729,1.2264632764376204,-0.06362836543371451,-0.061073315574578804,-0.04139739744668884
0.3267894393867779,6.976832878201861,1.198625666962406,0.06579042718757057,0.06700080297419571,0.05931121607793726
0.13273286988272653,5.345436050809064,1.2619933487376376,0.056335224084976966,0.057751522354916915,0.0776679388560905
0.5215129500059317,6.8975725390694045,1.1976203621884471,0.11673563184999669,0.11765025619438768,0.11060765447523362
0.25900305191100437,5.748680399028067,1.2432178530946894,0.07158664106560814,0.07275555932166033,0.08090357536941248
0.49653626396852824,6.313163317039554,1.2236979031317738,0.1433447783086757,0.14448515342842289,0.1600979357261622
-0.314491155464005,6.67412480614404,1.2282305354732017,-0.06311987923850655,-0.06067077683649158,-0.043813378120045286
-0.3440279498523717,-1.1796825950340954,1.6621791718778542,0.7658766141890674,0.7754925264094333,1.3669806570872312
1.037698096992171,4.799193936284017,1.283705424025093,0.38494628059603864,0.38599828156053206,0.47207535874110246
-0.05870530175792017,7.273218663370967,1.200548743756913,-0.016353973684742295,-0.014293743549795103,-0.0103807495295952
-0.31044666260169895,6.406601565819311,1.2346619613393186,-0.06990547270010404,-0.06764243486051391,-0.05619219584630419
-0.2752066156034813,7.119337975600089,1.201491734147822,-0.10674597937682682,-0.1048305307291327,-0.12487261647504425
-0.21090776115733226,6.10457629430083,1.2383135770595581,-0.06117348345668693,-0.05935032180961712,-0.05950047436207239
0.06593891443133686,6.919675706848124,1.2074134127346774,0.008025601588902625,0.00969978386479712,0.008336469182051697
-0.07839506035731117,6.26988795796193,1.2332166769244222,-0.01604116494292455,-0.014224380354361951,-0.00671651191437114
-1.2078669152026007,5.84213671982561,1.2482779658774499,-0.3918776168800748,-0.3895764825599888,-0.4411605989347674
1.151631853026942,7.121916997374774,1.1653620412103163,0.21949872955149907,0.2188935007673644,0.1712835047141595
0.21564595971550582,5.889098506127042,1.2396708785448327,0.06038284709890838,0.061660149899313246,0.0697720491599065
0.6050589258844137,7.323032291501537,1.172759728795406,0.09372205915959703,0.09414039954072423,0.05655765590389378
0.40446581772606666,7.271344170875555,1.1836770727228882,0.0665489998389479,0.06752226287405978,0.04666657254708145
0.20712109116734137,6.074531841615858,1.2356200981971215,0.06493348396016921,0.06636332176594892,0.07912841073103793
0.000756867619505882,7.179055307024846,1.2009851084029401,-0.007060337809452498,-0.005186661294277304,-0.005390748885875536
-0.9474312137805272,2.951745501895257,1.3205996539168026,-0.37906688520589826,-0.3787332761946121,-0.46777481807946475
-0.12839484182748365,5.8598458059335865,1.2472281963905834,-0.0272622879159424,-0.025491307201829863,-0.01691178916601707
-0.1623479029507088,6.640584285848932,1.224528806092581,-0.03227750865734923,-0.0301543876737381,-0.01895313800003596
-0.1736027543627791,6.8758731058175355,1.217144000620923,-0.036529773187096555,-0.03432791374389188,-0.024041124939940307
2.996621240732895,0.44416956174606437,1.4094690062971278,1.0104703984106442,1.0086776699164643,1.1786489351414284
0.17595657734549738,5.631058470332946,1.2473167541403671,0.04537167295730592,0.04656401606011919,0.05133487889695728
0.5135819798792203,5.039273749738196,1.2800810291279496,0.2236144736908545,0.22518954808713013,0.2928776809380814
-0.37536153518187126,6.921865379647144,1.2212809394579696,-0.08062044717919771,-0.07802294350862304,-0.06242957122166035
0.027471139743845303,7.465511347538779,1.1902220401874433,-0.0063012149586787365,-0.004441586859203445,-0.008813116105602446
-2.6097472901297927,1.4661328716135413,1.388258066841202,-0.8487125703406974,-0.8469791124100464,-0.965644675945804
-0.1290931324776969,6.224798610566619,1.2151274930792932,-0.11900491625689676,-0.11817749221723114,-0.1725389950930001
0.4370742302676114,6.775899071692585,1.2027216632474935,0.09390590391148516,0.09488818795626848,0.0870422226513848
-0.07756887265261189,6.885766529551355,1.213270474183623,-0.01959097669019474,-0.017613977539254557,-0.012633886870751568
-1.8494321719453113,0.8787539693907398,1.3678275251332561,-0.7602862402788289,-0.7610867531976794,-0.9532494943275132
0.2030785357508879,7.219558044311537,1.1923187376144013,0.02907989440386677,0.0304916782134835,0.019421751491750797
2.6457574303721105,0.1461523043039863,1.4662024071157247,1.1002508620561902,1.1009584260464709,1.394607677251767
-0.832185497480774,4.409553481277456,1.2778750634259066,-0.32922123000553294,-0.3283319755891913,-0.4032994883766514
-0.48755626737845753,7.07747341172835,1.2225746101892403,-0.09184776404749383,-0.08883216508453536,-0.06113403108230767
-0.11082768121335793,7.017575564898623,1.2105269783261892,-0.025001210243025256,-0.022895966261770397,-0.015751262323784515
0.03567156449898563,7.176756668092935,1.1997247151379353,-0.0010546903091852577,0.0007334917808109037,-0.0015055506017149578
-0.23775247166496175,7.355472553562517,1.200866317417967,-0.0645901295147564,-0.06227104631849925,-0.059909672715367464
-0.30035191778536624,6.696048251727226,1.2280058904326656,-0.05631587229312251,-0.05384287048411088,-0.03480037553629492
0.37732096419609185,3.0419231753470988,1.37420588328183,0.31925656551495524,0.32188336899948977,0.47922120570549664
0.0918350860631415,5.927051141998318,1.242086506439101,0.03411077308403928,0.03564324271276019,0.04755209423473339
0.19998690729474727,6.234459471804535,1.229422256254958,0.0570338969498605,0.05845664085060147,0.0670637376203833
-0.07826593740232357,7.1754129987380955,1.203415996826843,-0.023714118850567956,-0.021685532797638126,-0.019390160356768008
0.15937483045339132,5.2279375942245965,1.2663808319369814,0.06868060414930552,0.07008348863059861,0.09377502813950664
0.32853712361384174,-0.1925313526624075,1.441663742416717,0.1587007966678749,0.1585964757172606,0.21380686078537126
-0.26400071638228495,5.11759786407153,1.2667658632494656,-0.08853164591349413,-0.08712071901862065,-0.096807781605509
-0.04679262895667437,-1.7638382774098762,1.5484434403240643,0.2868448491999455,0.28937164561391443,0.49884309278016375
4.827171348120145,3.281890244217353,1.3094694956643878,1.57924989115954,1.5769169341102534,1.8151190575987388
-2.6533767656137144,3.6838092645075715,1.3045034432707725,-0.9298301646290908,-0.9281090574714568,-1.0946475051607902
-0.3664809833399941,6.132376150211741,1.241804213566713,-0.09489253353073027,-0.0927636058655317,-0.08863104102524078
0.15339346252350847,4.225607687190651,1.388357008481068,0.46673771728065266,0.47246809923944694,0.7708985134457355
-0.6707805801789202,5.627436252586761,1.2529123493076617,-0.21823579180198044,-0.21636338975932687,-0.2433797216255563
-0.3190628519441678,5.525574869013836,1.2341328314996824,-0.19522684292223938,-0.19467843457424344,-0.2679868258323298
0.22841958552068362,7.388234035689424,1.1853117858652569,0.029848074817606374,0.0312127546749362,0.016212699096407983
-0.28554285800265794,7.037807840263222,1.2134808493888387,-0.06861801389887523,-0.06623998350727237,-0.05824071953519252
0.3278754599636971,6.240422740922897,1.2291661974164603,0.10017838035331164,0.10153898976027977,0.1172380117452666
-0.8979341223610031,6.3669546623627165,1.2400788740049995,-0.25111158048563526,-0.24836937935828596,-0.2578141896297893
-0.9959178815160579,4.342993497537315,1.2726010438610156,-0.4171359709240372,-0.4165673032537304,-0.5230957205253907
0.28845534112567767,6.065238881072198,1.2352395747683562,0.08963137770618439,0.09098542281155547,0.10637429702976106
-0.28726703421829125,5.768628779492533,1.2501656304204434,-0.0807559142088322,-0.0789344653351877,-0.07910196833661326
0.7656716556729987,6.0264778711590665,1.2301748093919835,0.22422976971617928,0.22502428378641343,0.24871634792564146
0.020245829507005726,7.254098790672017,1.197989724755471,-0.0033903178651769387,-0.0015352318436472846,-0.0026492770689072855
0.020641173059753368,7.1046341287811465,1.2025235666887755,-0.0036762844253219735,-0.0018760804285989502,-0.003271095118758998
-1.6659240583412127,4.526122413774981,1.264800202620143,-0.654180672640303,-0.6533432727690462,-0.8045789587065004
-0.07178634087685005,0.8135195964298516,1.559729300893091,0.6792479860426237,0.6873133996021928,1.171338876193101
0.6428651373583043,7.540039812113077,1.164780594333355,0.10103512433120143,0.10144345750802342,0.06223563087773913
0.0325940863210607,6.843497164762502,1.2108301793834335,0.0013465189416080763,0.0030652519949958615,0.0029888979705917744
0.35356912396772544,7.16576375498904,1.1903195178311423,0.06409141895118378,0.06522633911974927,0.05165763785633971
-0.30066185134222867,6.886872724831456,1.2221705386693964,-0.05609095958796959,-0.05355038407654558,-0.034279988816845845
0.874275017091069,6.534378187010889,1.2050187243827384,0.21966601611557623,0.22009555039130616,0.22152033884425731
0.7339945673927545,7.219630753026656,1.1740561560907432,0.12914906911931567,0.12937433469554546,0.09338002590944555
-0.31995944182049346,6.570286458498806,1.231680875634806,-0.06394781956973271,-0.06151873387615546,-0.044275230711920466
-0.07464773082168392,5.10258390690069,1.2645906997764722,-0.0358032927076384,-0.03462215835640353,-0.04148123691626987
0.5283923787724617,6.583088445851019,1.2083204751924068,0.12329552457861383,0.12415127431563391,0.12037525546224125
-0.6770617626100355,6.857064660077924,1.232492507829453,-0.14264363245747966,-0.1394535054403378,-0.11325007807923533
-0.5712578099579505,6.192463657908107,1.2432027218350143,-0.15013679223043536,-0.14772402739150753,-0.14542190195410068
0.3621842065470673,6.930304253068437,1.2055913260641353,0.10212561290552045,0.10358678745572833,0.11463354514251484
1.234882423997754,3.521536690315978,1.3284649383665998,0.4747733100441299,0.4755720978902436,0.5884881067720883
0.8984778538345269,-0.2031214426288237,1.4857236468131052,0.5447923195766898,0.546655506168867,0.7667726889148118
0.6638810394885801,5.825731549417145,1.2408574869798823,0.2092852862274127,0.21028979099917577,0.2416582846242115
-0.3941022890318332,5.8979522824689,1.2454664580533168,-0.12011208799157333,-0.11823257432260863,-0.12659100386641808
0.57744941243245,7.468787276212357,1.1689913492567794,0.08762266779842512,0.0881408510585933,0.051252503363841566
0.767003116341798,3.68222790994571,1.3126173582758298,0.2679515276022695,0.26846814517320183,0.32176948069355366
1.368925961757972,2.2229268061228478,1.3650277268744127,0.5042237654057958,0.5043390229728801,0.6137151442239055
-0.5816737338832256,6.972917808485881,1.2281903045744185,-0.11337038036595408,-0.11022332509288472,-0.08071877241722127
0.05518833855928788,6.858178004573759,1.2037840139353992,-0.019977527245516553,-0.018602283232878134,-0.03733345309280165
-0.41348465530904555,6.560062493345041,1.2332292099849962,-0.09030985013245671,-0.08777685076723339,-0.07215087740796074
-0.062035615972200656,6.3166439597945665,1.2180496245932795,-0.07084402131266365,-0.0697222477916867,-0.10279151823318783
0.4314849266171916,7.009413321960916,1.193727430764206,0.0842556828216357,0.08522816414458813,0.07175446343516989
1.5601994382762696,0.7645523354149937,1.4111269958301411,0.5733090789020324,0.5728955754131305,0.6958709408710052
0.06535793060717889,7.058487758803693,1.2029496178058576,0.007104960672938906,0.008817248149901995,0.006936759758198
-0.10336554741634736,6.858749975789648,1.1992752741776291,-0.09361669524210138,-0.09239638388735728,-0.13377779733434217
0.1860556826610583,0.7779664327379985,1.4447552948422535,0.25614440465294575,0.2581292186402691,0.4056141876400821
-0.10162917543863913,6.4482952248218925,1.2283738487909808,-0.020931407321436016,-0.019009202201288503,-0.010744758132579687
-0.3597566376872867,6.307803453516334,1.238608941492611,-0.0827594224287487,-0.08046055141017325,-0.06915337391313435
-0.22801624774517637,6.681422908427061,1.2224573427940801,-0.0581414430544841,-0.05601498959759693,-0.05100280085121573
-0.4672606460774975,6.719972949641972,1.2312176270162862,-0.09564213900183047,-0.09287974096475392,-0.07140982920572134
0.23913618811143625,5.907322140683345,1.2410844766820195,0.07706840298103969,0.07844201194497467,0.09388385028684544
-0.3512521897317106,6.795733329284474,1.224914623407105,-0.07362892470276378,-0.0710988333048161,-0.05496628620267466
-0.4365852134745572,2.609215440258262,1.338389540948843,-0.17387916122240088,-0.17353332226203594,-0.21168889413641365
-0.15110782295420067,6.859194610064276,1.2147875572207514,-0.04152675840712299,-0.03948828465586478,-0.036612219750696874
0.5790202432382635,7.310981694625048,1.176242318645244,0.09855461616891781,0.09914055263585508,0.06947842657127917
0.3414685962998009,7.204255279518218,1.1887552266927475,0.05834229500874027,0.059476698167447814,0.044094286587430684
0.13623995764522015,7.084452045786385,1.198747026705056,0.01623903752831651,0.017752354085403245,0.009640115910840215
-1.1342308917687007,5.986135984891516,1.2535149372692618,-0.3241886466997859,-0.3213775408101944,-0.3393948137457285
-0.35960273126078957,5.842582601736111,1.2490426390967393,-0.10019940726684079,-0.09825929876524095,-0.09901939635919302
-0.40726993630005415,6.720341718211183,1.2303166907837753,-0.07917018941534366,-0.076481604261337,-0.054275778785115705
0.012278756709933765,6.421134624162462,1.2266495968233986,0.006488226934940363,0.00821608937446902,0.015222602103560513
2.550475811440022,5.238383408368491,1.2491794282523805,0.8069513680245165,0.8063625248996008,0.9156015605380431
-0.13861011040777832,6.5493954783075505,1.2273477511147424,-0.024235010026051232,-0.0221537749768501,-0.009621505728423314
0.45493626379466273,4.577142689054001,1.2901503561160466,0.1850113616632488,0.18624273871585775,0.2376911460827194
-0.09541266454253063,6.1315577692871654,1.238411922549631,-0.017816792970599384,-0.01599139360662956,-0.006713152779968707
2.5584251387549335,1.0376709736914682,1.398311354154753,0.8933536351051306,0.8923359868125565,1.0591911478592033
0.28698180958160335,5.5109002331442225,1.2549298824650366,0.10022188479349003,0.1015210694790944,0.12440051112464426
1.0732809182929233,0.5690495470864425,1.505057332284126,0.7944903985413656,0.7987440440901438,1.159808531737573
0.5574111565807883,6.922834643351686,1.1925663739351067,0.11013990329460029,0.11082712943645501,0.09291146909246759
-0.2145431827855067,2.526035901491223,1.3445605195408,-0.08260970556665717,-0.08221239877611906,-0.09681074398609206
0.07872808416670635,1.1085161807000299,1.5076730551411388,0.5415532639624164,0.5474469334934358,0.9102175621737403
-1.1114679588606238,6.439372763028631,1.2518640829916623,-0.2619504964005674,-0.25836450397269817,-0.2375506635312992
0.33853890984189555,7.101996615864928,1.1913382250344209,0.05477604748588872,0.05584783045781096,0.03852002116244179
-0.6815014928748838,6.002549440087519,1.2367801513392118,-0.24173938185254518,-0.23996817989569696,-0.28122058777448233
0.42735048905044404,7.3571647167148555,1.178123298625489,0.06158489203183053,0.06242757806960261,0.034124880471017804
0.6105042288732675,7.0710995966386925,1.1856455572432,0.11793603326382297,0.1185282575344795,0.09661369840790773
-0.5287465213518501,4.782504600199171,1.2681806511269282,-0.2179374284256197,-0.21697223454355397,-0.26894603479454565
-0.21163368753892897,6.029372070210293,1.2316631669654576,-0.10093021887075189,-0.09959182658767783,-0.12696536229681124
-0.2327992407873963,6.691644734497667,1.222024759631197,-0.060277090735714176,-0.05815091211569973,-0.05376201347703688
0.5445035302142591,-0.5045874156162844,1.528314056660021,0.5708176931723574,0.5744514376045694,0.8749454204179868
-0.360379842976181,6.438469049682105,1.2118455540792197,-0.18292114173485716,-0.18174225537777927,-0.23920261184885092
-0.06390040076685417,5.867564513577023,1.2384240499552022,-0.043031795695343586,-0.041727547972841034,-0.055382042610258315
0.4426739171753498,6.8151178671995805,1.1990609928589244,0.08504677893590606,0.08591417053485678,0.07098997299359447
-0.30197495943865804,7.159785707012393,1.2089210819317342,-0.07764151900353418,-0.07525512803420999,-0.07054869265678357
0.04832646357070906,6.538051366429776,1.2216192802795638,0.012538045587607405,0.014215631225672822,0.019029043061374797
-0.4306695281990586,6.914911712404574,1.2252743761853349,-0.082791750543946,-0.07997685398991648,-0.05611108095624986
0.21548621760004633,6.3795243054114135,1.2234580418160288,0.05582797036268974,0.05721635167962319,0.062271150128322704
-0.5615891486076051,6.75482274114267,1.232303754585304,-0.11816821370761887,-0.11523865950803815,-0.0926017330119338
-0.8061926571016793,5.4120276349901495,1.2579271588731962,-0.2715417108985579,-0.2697619541689898,-0.3095508976003039
0.1927228374284546,1.8198673545152033,1.3710239832726312,0.07598682741686592,0.07619151195199839,0.09868947383348319
0.37525218222842366,4.630023398333574,1.2872556495762177,0.15240354217770488,0.15362582247220638,0.1967229047297338
0.21164547131614322,6.426882356709465,1.2224101089914954,0.05636590279063708,0.0577933402812828,0.06390092135805432
0.06403925932303632,6.961735774683642,1.2054868961306537,0.004635439796100172,0.006292576010064141,0.0029370622434081763
0.03802077207637573,3.5489480019009916,1.3186745520499097,0.02872031632426273,0.029636021277248615,0.04710980297482336
0.16998430549494495,4.187491946435964,1.2836027828798875,0.0062703981079345154,0.006552910506598768,-0.014654878051222616
1.8610734119025012,2.3027439124273794,1.3823084645078574,0.7583742183736191,0.759295379125858,0.9565763005702034
0.15341596850353686,6.640695667207491,1.2156418158706883,0.03593689451808672,0.037455632073064446,0.03981541413939764
0.3637972483903847,7.028063879005277,1.1981339271115266,0.0831843224136758,0.08445037266523561,0.08219412915782562
-0.45973411164713324,6.878304026389003,1.2223502395709016,-0.11052317051283227,-0.10791463140781773,-0.09799347444666864
1.0257658969136052,6.261944583694766,1.2164116828381992,0.28414611874269874,0.2845646406994671,0.3035610427958816
-0.36583419667782135,7.343941511400721,1.2069107311824874,-0.0830906963768871,-0.08042352455308259,-0.06817066351085017
0.14206162946686973,7.48300748991658,1.1854582555602935,0.014062416728590281,0.015657398081681276,0.005058685056388979
2.305174918958216,2.459152303740241,1.3537345471441378,0.8048786542843321,0.8044262336111679,0.9552866232533875
-0.2290625541486082,7.097614056188963,1.2122804595143701,-0.04655645825506236,-0.04415180138651742,-0.030946513099843424
-0.40593344837930156,6.920885484962175,1.2249823410193952,-0.07485689212731485,-0.07205718271005562,-0.04710129623584636
-0.0060435155434524525,6.623974849336319,1.2206656736361658,0.0015760657907497692,0.0033954769876353118,0.010278505756806961
0.7454519359255651,7.093981226668445,1.1812756242317821,0.14768419976533206,0.14803267078507631,0.12275129191321577
1.6800408256279216,3.860344047949086,1.321756667908941,0.6427012336184265,0.6435963873700049,0.7934367645186321
-0.4265569215779063,7.128929307290015,1.2158479921423246,-0.09370353331426144,-0.09096260091725329,-0.07530733739274728
0.6172866108784885,0.3506286834434791,1.4432906966011987,0.33800193540747775,0.33888732891263346,0.46648347719713124
-0.39888678582452164,3.8992106852058415,1.2948159555588454,-0.17699008706694366,-0.17641763961868195,-0.22324487642131494
-0.614462775070294,3.0619482613356803,1.2582930260088492,-0.5250453970100096,-0.5278497598499386,-0.776079907416197
-0.1308197054344418,7.388678561117965,1.1990645937520497,-0.03165493784302662,-0.029414963084897012,-0.023280430973534744
-0.4530062389590237,7.276285789984675,1.2156015148320962,-0.08369431553422053,-0.0806705773056053,-0.05344629294987236
-0.37932746490709535,6.967801998045898,1.2219354090192873,-0.07282832192481944,-0.07010721340549944,-0.04844972911260359
-0.3782633536788245,2.0352530741712473,1.233777984505931,-0.69256249456718,-0.6987057858443423,-1.1039608508249654
0.3452271805534486,6.996804964405288,1.1941012575268153,0.05487055914075002,0.05587876679074799,0.03742473768815168
-0.08186210441411569,5.5040362966462455,1.2553099663786456,-0.02437989883462747,-0.022900031439793033,-0.020589399872669792
0.030516578782992295,-1.770212993500225,1.6040836289652591,0.5570596162185457,0.5623882186174537,0.9440585537528283
1.1846767590653167,1.1742813725963854,1.4104542406910099,0.4985781591539024,0.4990944257761468,0.6370213654614469
-0.9075441172299216,5.720631647934615,1.2527031899193017,-0.2869113281536334,-0.2847587628067384,-0.31719190434675004
0.599775289107394,2.295371923494059,1.3931039904898863,0.37626098894516236,0.378317419376442,0.5355082924342923
-0.24348800488267983,7.007552466165421,1.2093387744861603,-0.07667513017967455,-0.07458728407925122,-0.07955874445476595
-0.6666695011254582,4.818174378202135,1.2584050868626608,-0.3029564486291419,-0.3023583866166392,-0.38844905709484345
0.018197428702811477,6.55521410390389,1.2218286530466944,0.005559889047416285,0.007295399294808869,0.01263125463534787
-0.6096371680340152,3.249134100443227,1.314614612043807,-0.2500853362986928,-0.24964707180700985,-0.3095964195315471
-0.30385781644754223,5.868236317037007,1.2478188980836882,-0.08314475553925016,-0.08124444291240267,-0.08011566455910472
0.39769773568656436,7.2317179511481875,1.1856947159557787,0.06772636649951208,0.06873011540742426,0.04987550008794637
-0.06517216962307355,6.607417493467496,1.2229772684884026,-0.01060231422079651,-0.008668308378507879,0.0002780887689663109
-1.2110508896993262,6.472587687863727,1.2515037031100686,-0.2928494274646979,-0.28917104206219485,-0.2720212675918771
0.7155188940703637,7.387510046510015,1.1682855800517764,0.12035905503676086,0.12061974633976486,0.08185850754827369
0.8560405767547513,6.883744842903526,1.198655293403605,0.2330823528672676,0.23386528576946822,0.24777142808801256
0.1825910962589244,6.850088320750958,1.2052992553391737,0.028880343831244427,0.030257449494099472,0.022632238610621806
1.3115637705123304,3.6186554309766628,1.3258772399014247,0.5026803388642366,0.50349676762088,0.6220757029517876
0.28168201625334094,7.27586592178839,1.1871971800231116,0.0409296438786029,0.042149985430205136,0.025355579152342357
-0.4762367701336303,6.336549953457951,1.2391416084657076,-0.1160798894594121,-0.11364346277987585,-0.10468252654127705
0.07210641030564599,-0.5682201863484462,1.4506857144378913,0.06005933082378933,0.05981713754410534,0.09242793762641881
0.14317993175912674,5.924440274302634,1.241433734448135,0.04833057053663812,0.0498003081805103,0.062422493353850805
0.2126134114841004,6.762035063687966,1.2094374261902978,0.045290222272874166,0.046696078532745974,0.04504744894031748
0.7922429521536674,0.2938790971703087,1.4441414438091336,0.39346418848712766,0.3942014882416189,0.5290441370320582
-0.1617451178451382,4.696203737218241,1.2684882483116953,-0.10363240625725845,-0.10299067105466622,-0.14116133616583076
0.5023579711802765,5.917398003740688,1.2384209462364617,0.1561689199649596,0.15730096406935792,0.1806677226052347
1.385302317265159,4.380569998514147,1.3212276499154239,0.6111128191414905,0.613119069380148,0.7933295611196266
3.163662144620006,2.3815879369151567,1.3578145990118764,1.1039870767812123,1.1031888709286204,1.3081709320415176
0.3107640754757078,6.890333510742313,1.2026918172102479,0.06644748806644075,0.06770767943146444,0.06329145000622782
-0.09972575927269578,7.045609799635469,1.2066664458923495,-0.03439419035287121,-0.03243815439120823,-0.033711549518894865
-0.3747844532985565,6.520119646449361,1.2336721903970058,-0.0806532244014062,-0.0781925186750738,-0.06276249632139899
-0.04930593556151476,6.4671258972396135,1.2273373554075566,-0.005145453280274716,-0.003264933491139422,0.006619339249505698
-0.13095763755620005,7.372703851048425,1.1981121439339784,-0.03806953282843774,-0.035908961299606995,-0.03416351422378844
0.02311711305664972,6.961192149347131,1.2078758895606858,0.001166786388928501,0.0029646213579411695,0.0044495224677844085
-0.031012879882851823,6.66917815260209,1.2197086838758824,-0.0049593282371755976,-0.0030903491974202174,0.0037112537281807304
0.31049568878565664,6.408885178164959,1.2264688455963277,0.1053621974749695,0.10691628370489302,0.12926597616338445
0.6238094115864289,6.745582860498624,1.1986461809933198,0.13529805317687668,0.13592504317258203,0.12357091258881142
0.27668584401192264,7.075909986521678,1.1952057026044134,0.04721900039905754,0.04846808173697553,0.03686231085653935
0.3728171761607511,1.548527777493117,1.4053680687827457,0.2513191531806171,0.25267725057075746,0.36393909214727777
0.502298958340451,-0.8188607597717938,1.4991243162663699,0.3852144491488677,0.38676926542785944,0.567029377708708
-0.3293639411594367,6.961984938758377,1.2211830206506826,-0.05995315927093385,-0.05730538923791037,-0.03561578964622937
0.2779466752188892,6.967097869222686,1.1998185266181254,0.05311473789386383,0.054390628427390786,0.04660670847607175
1.8707205239015594,3.5149685908618657,1.345007178410664,0.762730196124601,0.764063253305565,0.9627540384343588
0.4137409929388914,7.180943816617901,1.1851766830237476,0.06397935868001454,0.0648514944534994,0.040581834352259524
-0.11238312457883594,6.865756272474475,1.2160163600345517,-0.02206666634078202,-0.01997094812126178,-0.0105479299423064
0.10355787067011246,6.867546972036773,1.208350413183643,0.017827775882848524,0.019432088487884473,0.018162679719558743
0.46904112692073757,6.0558925758773166,1.24012770946493,0.17123086997058104,0.17273202155650177,0.21235485320362332
0.44555359428234986,3.062117192062459,1.3770203071360851,0.3575783130596165,0.3603558198330943,0.5320041772880562
0.5345567356215599,7.03776020557936,1.1905249156190896,0.10905328929099997,0.10986739165058144,0.09525120978292011
-0.6309298207557499,6.990643689547314,1.2298386545333762,-0.12044006041261095,-0.11715123334230111,-0.08380961118844518
0.42604438808390926,6.457971201230313,1.2159273607116934,0.10493502710543381,0.10598865974611742,0.10764531655470896
0.276718786806368,7.07842183458486,1.1935910151758051,0.040468002623812845,0.04163916639820678,0.02538455245284647
0.11185603068417155,7.121601591455689,1.1991291512421443,0.014697029777196877,0.01631278040248177,0.011449359395405243
0.34343181875635453,3.794083004640466,1.3094099578188867,0.12514678796185796,0.12591411042042416,0.1558022688078242
-0.274299445474948,6.793949641403932,1.2214029348839885,-0.06317346982747268,-0.06086309961207882,-0.05112814665291046
-0.2075000623305962,7.019709201981902,1.2144230043684858,-0.040418947545111515,-0.03806429640077037,-0.024452811883958266
-0.1657991765577692,5.209868885209382,1.265779214728997,-0.046927873034691724,-0.045436761580305574,-0.04384099225623251
-1.0356440926145813,3.7264741312817007,1.2991480554429138,-0.3978492337461632,-0.39708544181677896,-0.4833933430647464
-0.032823779996159486,5.981419805673992,1.2287234775480298,-0.05963721483485524,-0.05862604149076106,-0.0891781693599741
0.09665657784938105,6.866234248739271,1.2080147537759867,0.013826839910114668,0.015414698235103103,0.012612012306628855
-0.0486383449068359,4.816201901354096,1.2786043199001478,-0.0043338478349114525,-0.002996916032774145,0.0071678184359378755
-2.1683136855419782,3.2235510867979236,1.321739155780727,-0.751886046883308,-0.7503949525882226,-0.8802438755281968
0.6210997459585073,7.635506629509489,1.1637339219759015,0.10204374700459434,0.10259204577910008,0.06793059172277961
-0.7110556765611635,6.1445404904180885,1.2188301832490052,-0.31141047638846986,-0.31027230009290907,-0.3942112653544674
0.3674972401779984,5.9654506861010494,1.2377434661411968,0.11390891695957549,0.11516227632046602,0.13328184823826217
-0.2673798740498683,6.839925732400467,1.2218581207824066,-0.052553741349684935,-0.050135046988727366,-0.03431337991995562
0.15153693433658205,5.623531224328277,1.2525457091766568,0.05905471754073301,0.060512047212545314,0.07900534742862446
0.39536441608475414,7.331464422891058,1.1797230591114245,0.054251962374305185,0.0551423861996482,0.027441894199955973
-0.3032677621457614,-2.7455323503834324,1.600724020002827,0.29593721831000025,0.299378872806197,0.5602981569078715
0.015635718574551823,6.502670193882796,1.2243514083007359,0.00862869106103064,0.010393774363010663,0.018287588689544276
0.18043057307442267,7.270677144895703,1.1903612551526195,0.019737452670461654,0.021157807307767455,0.0076664470331221845
0.6299279872809439,7.49282783736034,1.1665941345603639,0.09818433265351857,0.09860104683219045,0.059712388567020734
-0.6586491911565183,3.893585625079493,1.2801441251863754,-0.33058279757659115,-0.33065001260412746,-0.4372475974514574
0.46899958649866286,7.352236169701024,1.1808838040140763,0.08721224301421701,0.0881672026276815,0.0701357246030461
-0.2105734244201392,6.4365049892782995,1.2286712618480078,-0.058250468086445926,-0.05628415455518597,-0.054450782258842687
0.14607355045069842,5.393111340403099,1.2603441712116266,0.060109465129976905,0.0615265019316404,0.08168767742904459
0.32040686666370544,6.8624650663166396,1.2043113820599718,0.07305233776431963,0.07433743656907044,0.07275850134263982
-0.08291559314685862,6.744685995631001,1.2189382820202137,-0.01569623826468297,-0.013697212412464115,-0.005107878660899362
-0.18472935499686402,7.19708158050183,1.2056034021381914,-0.0473146010311953,-0.04508200827730406,-0.04021703938533926
-1.0546495330657342,-0.5770793823757954,1.440609633483528,-0.3683706267496943,-0.36861332604872704,-0.4317068226527151
0.22078325446714742,7.139362067593584,1.1938101663095684,0.030729381677147734,0.03205522625582036,0.018985674802757292
-0.5305685636307972,6.991949663506002,1.2266776786320224,-0.10006587547293254,-0.09698393691158162,-0.06735116122554882
0.038130947787049174,5.708306120056228,1.250485325879338,0.023005150866653296,0.024573309766571717,0.03830590340626526
-0.36358991768043675,7.102858266039722,1.2154568652247166,-0.07758025882984641,-0.07493919272552164,-0.05931595526409831
-1.2657602858618362,2.2604241326611705,1.3397147563012415,-0.49734737267865026,-0.49721129495686806,-0.6114602855290898
0.11194620922345253,6.47180220274199,1.2225106847055038,0.0290507443001045,0.030616719525096554,0.03554679339100197
-0.6443995818455542,4.602154346395461,1.2672432093860633,-0.28594068296267217,-0.28531511337677123,-0.3636559263518691
0.5174626455782433,7.354152869642173,1.1759751176780449,0.08234407263113945,0.08302831381506312,0.053090969131256
0.1628473883671613,7.143302798632807,1.1965173628209367,0.023490402961120507,0.024989902845936253,0.017172349211694218
-0.4334240676807033,7.168596885740987,1.2172178127681872,-0.08460413153327169,-0.08171360994885674,-0.05858340295100519
-0.43066335760541785,6.797444061514096,1.2289652336230772,-0.08255851605962168,-0.07978007080098556,-0.05576634599518498
0.49418762198521227,7.3456272274681,1.1765683893760137,0.07588335543190887,0.07659262647224846,0.04632082259446184
2.8530674438911525,3.7721471163095,1.3118673031631003,0.9857814935918863,0.9854460425622089,1.1641080102031016
0.5940110193193594,7.528764334242496,1.1660503323088371,0.08848390231662998,0.08895873655178477,0.049744039957896696
-2.6644192613795514,-0.448711044485969,1.3663777382828528,-1.2245155161731647,-1.2275537485485408,-1.595224101357546
0.4073284789201384,6.799953220115871,1.2008598746876122,0.0788841915021591,0.07983133943619823,0.06690852569372105
0.9572695563974309,7.112066343419592,1.176357953306706,0.20049025078202615,0.2005213530299553,0.1741577208827299
1.3315350798060628,2.883022727074877,1.394545000100715,0.7113487078262637,0.714261295021652,0.9727624227035108
0.23244074527658742,5.818492730548979,1.2447302088790468,0.07872856789069439,0.08012156836176375,0.0978789540832064
0.4953360626180666,7.301494608876975,1.1776274076081417,0.07491887031904844,0.07559711895542857,0.04445488264769494
0.32625604155602234,5.888120967724233,1.2409654309384301,0.10353253412805306,0.10482198714577298,0.12307981011077787
-0.14720859239679324,6.559721941337681,1.2265433677420228,-0.02928885163460643,-0.027224934888359965,-0.016649298268663085
-1.2447870372889938,1.8913089115386343,1.3582582194647759,-0.4589331017073171,-0.4585656193019789,-0.5501329275701388
-2.2696855667836884,3.1406762796485723,1.3033135061520433,-0.8786993057099618,-0.8782634005826291,-1.077440653036054
0.25859365932146133,7.038037895468978,1.1957244360491455,0.038192226084823484,0.03940372208866358,0.02478053822747381
-0.17675554271705726,7.101693469221829,1.2055870223084906,-0.05767643414953219,-0.055631598272642885,-0.05931067517221005
0.4345324498064634,7.374993250252524,1.1784123689523278,0.06772697076811146,0.06861530229257744,0.043270576558605556
0.6434831549343726,7.552576509351015,1.1636696923427232,0.09806573724083699,0.09844093449608056,0.05708287527571555
0.15487086878423773,6.625030718076008,1.21614071684859,0.036491616916125236,0.03800514952722446,0.04048803595243856
0.11300021824453521,-0.5091529716209653,1.3917560753567269,-0.1772807336606236,-0.18044797561155557,-0.31829276112131527
-0.09388206662420197,7.043979472482224,1.2091912262080473,-0.021521749987478547,-0.019442255865246633,-0.012894171643335162
-0.9766831804876702,-2.537060579100536,1.7345033995345647,0.6841300955958817,0.6951442906325176,1.3419929660856909
-1.0025287874764726,4.632820738240755,1.2725995885048182,-0.37989152927795167,-0.3787633346061332,-0.458479953406702
0.5411690200587692,7.322429811062,1.181238020450576,0.10923305186454496,0.11011480833605548,0.09448221146957025
-0.3379495330898735,6.739393543317224,1.22777952638525,-0.0641810453027724,-0.06161864053096876,-0.0413424202716763
-0.32571089230606737,5.759045034295738,1.250918739913555,-0.09181215246764449,-0.08995234459568376,-0.09093659816113249
0.002651453579670629,5.962377382226347,1.2764817241173878,0.15995544073483745,0.16336006357752214,0.2775753985991807
-0.5454761985498221,7.090973609316462,1.2229232974491835,-0.10815583899885099,-0.10506907064194272,-0.07835846119656141
-0.2514102832697521,6.938141752617636,1.218009967386456,-0.05067385265158259,-0.048271282649544084,-0.03396710116548699
0.32602552761721315,6.55911903108504,1.2136799936594955,0.07484317791672007,0.0760231671511926,0.0746544170988482
0.4013419983581968,5.918008625138341,1.2414352860904807,0.13518825658080147,0.13652366609528022,0.16329793878980353
0.2805302038270881,5.242629378386487,1.2656004011421842,0.10841936664104804,0.10975319405265087,0.13938405089695727
-0.04775303358481196,6.895704441211458,1.2124079732356905,-0.0118997180107096,-0.009961922953002559,-0.004955881752772401
-0.3836266823327248,6.614160478009027,1.231954755414101,-0.07839875378831615,-0.07584129543184367,-0.05729017306677291
-0.09802525030608977,1.4102125135621053,1.3841558051067282,-0.02086201602738156,-0.020633635522136658,-0.013445720260482269
-0.3081811874323527,6.286745646266727,1.2226662646841457,-0.13824962923725378,-0.13683236100649088,-0.17280020494507414
0.03674342057506682,4.6039801219068295,1.2792040444299928,-0.0016024408531892802,-0.0006826233353120843,-0.0037368095534169596
0.049553772727714204,6.627506452595411,1.2106455462145325,-0.02313766783124373,-0.02185112040804392,-0.04178316964229026
-0.06675798551467951,6.8894207606659466,1.2131861319919295,-0.01579037931858756,-0.013815796399522372,-0.008130362293597385
0.3334518914162432,7.200490752589813,1.1866861672569768,0.04600136555062527,0.04702632749701488,0.024571200023229975
-2.5650706702867527,1.4185689960268721,1.3003501017815877,-1.2268012129918142,-1.229683964732351,-1.616288894023361
0.11161911713868321,6.038289075343458,1.2379064025398785,0.03760092028341755,0.039123457785210744,0.04995003754362946
-0.18037679261420064,1.6185158032642804,1.3775848382935696,-0.04937073490274831,-0.049040119289146616,-0.04689812880962416
-0.19146973972611453,6.063055797678443,1.2247195715382246,-0.12003912649787743,-0.11900133322650222,-0.16307514286675848
2.613114170121625,1.0738764544347985,1.3941951293582415,0.8987607519038006,0.8975758768596207,1.0584963284319702
-0.1288878419557315,7.237620848069039,1.2038447232555294,-0.030552224110522302,-0.02835829856388188,-0.021821093636814483
-0.12302989927365611,6.688003747221561,1.222473559285385,-0.02149732061692962,-0.019407038370186737,-0.007729598536240684
-0.33247464196759097,6.282399535008999,1.2363816107047807,-0.08675069607963455,-0.08462761232405115,-0.08088560145616916
-0.7137626515843613,7.354475067976269,1.2213087578930522,-0.13653628021932976,-0.1329467337328904,-0.09601379479732272
0.31716968705154763,7.363294772307466,1.1827425959445244,0.04530375695270549,0.04644696528917698,0.026402962113489907
-0.5829664358508446,1.8464438756907269,1.359148906193854,-0.2362316992240157,-0.23621763449716926,-0.29148402698363457
3.61754050693524,3.520928034294295,1.3119257230942238,1.2115821388361343,1.2104058916960951,1.409353697709369
-0.402415354827098,2.2949858777902814,1.346559909875084,-0.16914156735967237,-0.16899662280944913,-0.20995798385614386
-0.4835488688256951,7.280532871015007,1.2166734787817803,-0.08877781225493349,-0.08567655939186099,-0.0565549200084141
1.9175047629676005,3.0535431489425355,1.3516090970295798,0.7447935932373285,0.7455568160302274,0.9236049806807014
-0.04001478307551347,7.2818467013255885,1.1986534530426187,-0.01716597229778567,-0.015195113823234383,-0.015140204729965485
-2.2743672533956354,-0.0033339527108280365,1.4318876539410719,-0.7430357473139495,-0.7420470099229657,-0.8473939572504202
-0.05695704370610048,2.541136869100443,1.3164999132394741,-0.15046619165769498,-0.1515520178618957,-0.2406470177908471
2.596838786831365,2.4374492761637963,1.403994217328345,1.1221715575981726,1.1241145070363532,1.441700693833565
0.7590906665917801,7.292543855746859,1.1746151866003631,0.15007330958260215,0.15045534547794426,0.12442802656099512
-0.8691562457852308,-1.0680056754108156,1.419501839325836,-0.46511281580698577,-0.4674672168675597,-0.6299016084475128
0.08085044490295286,7.1479546928668665,1.198677308892633,0.005764163385896699,0.00742202295527762,0.0018922897643186792
0.6524511531414353,7.550663074297633,1.1621597192392297,0.09420866841237147,0.09449859175940184,0.0489038938002445
-0.18889018543989525,6.158651830549519,1.2359111176157986,-0.05689286855702753,-0.05509937483011888,-0.05618806560156277
0.5753139908827439,1.9165265577733908,1.387054585555138,0.2897031212848352,0.29073379653500847,0.3926738032645498
-0.0036146532627322724,5.231007749960384,1.2659277080647922,0.01171900996639144,0.013181635681816318,0.026477096018365318
5.274899515098241,3.1742066638194104,1.2767261238813452,1.5726512757848339,1.5682223466657208,1.7228142063103793
0.6200189783776665,7.436834764722443,1.1707768660664297,0.1055901354291835,0.10611831904417882,0.0740676429691126
-0.03135252057295361,7.067169594310456,1.2063000207993917,-0.009834032945793426,-0.007887701336835735,-0.004340357483147635
-0.45665999534273743,4.531841907715937,1.2719036739879694,-0.21122034904632875,-0.21057977602405095,-0.27068719458030893
0.21581983054290757,6.5952878679332105,1.2138143140081534,0.042913670825199465,0.044222091883528145,0.04035654642707613
0.2375055286298401,7.526923885204209,1.1803931933623695,0.030194672246811324,0.03156935165348592,0.015216685376400533
-0.4447277572197617,7.2844371447805205,1.21478903353378,-0.08334516235800987,-0.08035131298251258,-0.05434793788766637
-0.0640100469497517,6.655543590181561,1.2210258774080616,-0.012234812071203765,-0.010308927346849793,-0.0026858973109644786
1.026887747535015,3.9550648401105724,1.3209719388155594,0.43020567815051985,0.43155130444823714,0.5505845327157803
-0.17853169111726822,6.663270519397178,1.2244011765662184,-0.03524690950499756,-0.033079117487234216,-0.021060206592194458
0.09462804519860363,7.233515196968806,1.1958412524275444,0.009627652099132623,0.011297977217783082,0.0060009025080695
-0.6754676046358412,4.60905734603634,1.276698100654015,-0.2539565165436342,-0.252818604452786,-0.3036742593703576
-0.0570591330539362,6.778582545942409,1.216406291242637,-0.013431010366256803,-0.011508847878649642,-0.005924052877053685
0.14493631180755007,2.102035769987689,1.3718975731257552,0.10204557106595365,0.10285937616767946,0.1517459150561804
0.211430674700409,4.451918635289588,1.2936620532774183,0.10065030845145416,0.10193629488793404,0.13834893408073043
-0.9871217438490434,5.209983273060727,1.2572305806807018,-0.3636234089273874,-0.36218172724206155,-0.4333740337327335
-0.28935363023453187,7.012564070694647,1.2173634194585996,-0.05627014594276734,-0.05373986796335639,-0.03657738843505274
-1.022226228570672,4.605975856805258,1.2675103682935438,-0.4126355953082375,-0.4118103651026725,-0.5105723848205304
-0.23400853421832382,6.68220480429898,1.2259252697599297,-0.04481253673935107,-0.042504077601754855,-0.027266185416672657
-0.3517603692856442,5.876275372841783,1.2273318156432451,-0.18846884295196997,-0.18758005548676632,-0.25043256184538776
1.5443085644517163,2.739929568120599,1.3501859361036612,0.5689751986067721,0.5692398093584424,0.6922317253667566
-0.3829299566886281,5.56777459748906,1.25284068763998,-0.12886574561691333,-0.12724766234382348,-0.14363159201362716
0.04075086364528924,7.022000782484946,1.2050153510420785,0.0028597766757229243,0.004619475485213988,0.0041608587597262965
1.8942976339371862,5.951780561425656,1.2190056617276803,0.5484307878258157,0.5479760425699937,0.5953464667790623
-0.22896477853644137,5.751585728053353,1.248093229949578,-0.07238494513208653,-0.0707299592758845,-0.07543685547027609
0.0010494779091340303,6.300403585556835,1.2315679234061223,0.00785952829856634,0.009612872321206443,0.019533766059628952
0.10575717711391901,6.511312035605872,1.2212845926514533,0.026937260166912533,0.028519205466969524,0.033092352390535366
0.652710004912686,-2.105620737874392,1.5563755102950234,0.512869161082128,0.5148153836278344,0.7561904362286994
0.17526000503519204,7.252191640088341,1.191805936177606,0.021817720584915015,0.023279042118887983,0.01212971601755815
0.21456273226556205,6.651138538226586,1.2122013928799884,0.04300102398079215,0.0443346398412017,0.040756566030488224
-0.16811143335775852,6.3826849971402035,1.2306232805084936,-0.04256703598967706,-0.040624127041121436,-0.03550714164902975
0.4358963594649768,5.4028792440463285,1.2639319356292225,0.1757126732466785,0.17719524770591624,0.2256902012740842
0.32018459234595376,7.462645204881657,1.179363613664657,0.045000362792811506,0.04615978673516244,0.025384350347109577
0.6229052935693025,7.493211086889387,1.1656184353440524,0.09155714075557421,0.09192792339498253,0.0497212768706212
0.42568971502298175,7.074829010801782,1.1927845714705794,0.0870526487393835,0.08810516464546207,0.07758486212980703
-0.007695282261962887,6.323844515663599,1.2310359300863303,0.005741699872908462,0.00751693015380553,0.01752765217952782
0.03649384580388919,5.433496698485756,1.258733469310697,0.02128933492409582,0.022753201205115484,0.03556814764842115
-2.4250646896010997,-0.38135563610405665,1.4451886986791913,-0.7872377716320759,-0.7862221477938142,-0.8953967438544468
0.35485446417457805,7.081294686027936,1.1914969508819309,0.05819746462914177,0.0592299173320371,0.041372263557788315
0.16807584492196612,6.210402749808265,1.2289405486777094,0.04079213715744277,0.04215909984542944,0.04522791095109123
-1.1830283617726254,5.234985437745364,1.260202038795002,-0.4137139664503307,-0.41197941972359237,-0.4830272305257093
0.33023229711334456,7.056903722098035,1.2020801300268924,0.0930717060703428,0.09461117369025439,0.10508518119554534
-0.8003838932872818,5.47339252742522,1.2470703353438661,-0.30897427944435546,-0.3076356713044045,-0.374190152370086
-0.7119358686158135,5.729858675620761,1.250757649038292,-0.22774348597905475,-0.22576536314040224,-0.2520437325826556
0.16568505070423462,7.068467478501025,1.198320552947573,0.02219011191444116,0.02363696667607016,0.014416754979596522
-1.4352660687791066,4.355584401791743,1.2788960510234222,-0.5370196637980897,-0.5358965877730334,-0.6472969890850958
0.1663056049581277,4.964175728906478,1.2754051779791453,0.07479706367259095,0.07615258321152663,0.1028015615094484
0.01947487467011186,6.156591647774531,1.2347666608765213,0.008596432246534919,0.010228822026492107,0.01738900525440974
-0.01606770796545763,4.0400063318328066,1.2968151702130306,-0.018918533545569362,-0.018154325936226304,-0.023847390778237467
-1.054707514020161,5.477941287609031,1.2562412192288757,-0.3544261706849251,-0.35248873575232653,-0.4053947986079226
0.2069658927570743,6.900472716775266,1.2015533067806838,0.02754770165970453,0.02881810724525479,0.01597701218356207
-0.13700357805974925,6.863293519425157,1.1947118159774681,-0.12450709062874406,-0.12349594983549851,-0.18018311138503879
0.711477025827315,7.3239931538416805,1.1682044504679576,0.10997259253601972,0.11010908423429379,0.06491171610106403
-0.4840849846930502,6.841453646269575,1.229388429100272,-0.09285238399373566,-0.08994250004911608,-0.06357115959076086
-2.2012587104306087,-0.3403873315811783,1.4335989779180998,-0.7565959215963697,-0.7562012254396069,-0.8838171214199672
0.6503871523349866,7.3922816588609095,1.1688171541824626,0.10121546506956387,0.1015433461764642,0.06111698478837736
0.4865425335813703,6.812513126009012,1.1991799625599917,0.10012248182750468,0.10097022636958358,0.08866822451614073
-0.18988358410013187,7.260799300760213,1.2062037190369916,-0.03774135689684979,-0.035353231671242435,-0.022987559109190727
-0.7188225129030906,6.271980945889566,1.2435835829768531,-0.18776921270398808,-0.18511449163264238,-0.18263038977998022
0.40560156688537224,7.137728723349126,1.1937170348894661,0.09290106506096417,0.09413162034411367,0.09118712535921282
0.15614561765481277,6.34250210374596,1.2170239354219325,0.002308209635053506,0.0033239268412900056,-0.0179566525332348
-0.24352082689197205,6.867265504958404,1.2199218098880094,-0.049239867750872024,-0.04687916327529941,-0.032988711772553164
0.5713068561894098,7.089302809678358,1.1825251188477002,0.09336719348473045,0.09385303237471414,0.061963638643913695
0.08380146913242797,6.584171823048466,1.2116692317077842,-0.012901239886737782,-0.011661642184224164,-0.030604949968704307
0.3642850370048943,6.024191469501436,1.2509491220492104,0.17892638935589594,0.18097061275024562,0.2443814657449534
-2.199693692924535,2.2391138973808644,1.2588785259373205,-1.1732895144515179,-1.1768942490869476,-1.5911344257778552
-0.2742524014936502,6.983219595704627,1.2180592902947949,-0.05207577342948455,-0.049573326111798335,-0.03219546716859689
2.4314728214769397,0.2425758206998978,1.5007139539906664,1.1924224424045515,1.1951845754259982,1.59007697101276
2.484159775122826,1.7417147141172071,1.3635937998817471,0.8113087905237968,0.8098993631506178,0.9335071042474168
0.0539071103680613,0.614519955151394,1.4038344781211447,0.008915491483904995,0.00855247952244884,0.00931528063277157
-0.20286192996051752,7.129248933384747,1.211000033253844,-0.038975706106577496,-0.03658829676082413,-0.02279257517899113
0.5399704261288173,7.362143426827946,1.1737506663614914,0.081294079846877,0.08186905680648891,0.047235810256696945
2.0908457893025774,3.938694727620767,1.3169265734059061,0.7717244324679536,0.7723283347363066,0.9383758238308604
-0.40874236120683455,6.867782986028589,1.2259513900458567,-0.0787844085148971,-0.07603568224220729,-0.053290237208207664
-0.9170754800545724,5.861733795939894,1.2479199653686832,-0.2919668173602075,-0.28978388328316945,-0.32399739571393754
-0.09125088760965723,6.30101361007117,1.2330243527225744,-0.017014211836713342,-0.015141440246806533,-0.0060296836994850845
0.24897146309848533,7.268676354205534,1.1886050121977825,0.03502867567237972,0.03632280562045104,0.021245217468706744
-0.30666884482269663,2.4315492953437117,1.3487876517662407,-0.10819285490997582,-0.1077168405860074,-0.1236523059948299
-0.6093378965537961,6.454309224589554,1.2302997949172652,-0.1841648740849124,-0.18189240647825003,-0.1962447894311102
-0.43635143919516284,5.158738551615364,1.261238889949398,-0.16581067925321363,-0.16452243574332417,-0.1969229839090207
0.2640633063105854,7.169636919996632,1.1906599772270077,0.035701821085112474,0.036903938721734614,0.01961477342277041
-0.7442845637903832,5.218189243487363,1.2579989466391426,-0.27660462599931984,-0.27522263627119964,-0.3294445159839587
0.4112171439681079,7.218161216269316,1.1835169419190763,0.060890925308548643,0.06175067971780908,0.03580609969345431
0.16007827281710674,6.5364357471546,1.212800657854173,0.01149153812409232,0.012661383750856271,-0.002978655786018876
0.17076982032246182,5.630403487094593,1.2527738060863876,0.06753049535467494,0.06900361268998557,0.08993092516401727
0.0026266072362257226,6.012485531624803,1.2399847667435977,0.0061917938510419965,0.00782279960333163,0.016290266765866167
0.011004551127064527,6.772667565699569,1.2144152594297513,0.000131576119038289,0.0019081953246737815,0.004801711053437935
-0.34500108435162974,6.732986500082133,1.2067725881580982,-0.15987937212965156,-0.15840217732790848,-0.2027017481113165
-0.17216254697269923,7.276170050907793,1.2039848833972366,-0.03938748420369292,-0.03709190216517695,-0.028986172646972726
-0.05376207102830444,5.28291419685025,1.2555283381299915,-0.04400453617968685,-0.04295132692428057,-0.05912173833605069
0.1389745081270327,2.200510245144954,1.3494381174617438,0.014619724055947305,0.01447476283855203,0.004292964876489104
-0.04344728319662883,6.8130654194734905,1.2145045594982196,-0.012473689235808076,-0.01058918524671506,-0.006746242246988522
0.47655065503388144,7.231900224300927,1.1812410281016386,0.07495072175120632,0.07568936460057962,0.047879487885706735
-0.3656847593850894,7.111706129494585,1.2166316837044393,-0.07191722714862296,-0.06919799334789105,-0.049309007891348955
-0.6252684406376133,6.7229949363679395,1.2345355176904484,-0.13432526233441588,-0.1313123716140835,-0.10854647692070547
-0.34684044182342194,7.466109065916797,1.2031470317934438,-0.07654747171353873,-0.07384753968567899,-0.06043646603061446
-0.5200689238043706,6.120583287568396,1.2439928831921845,-0.13906116317189576,-0.13677013047311437,-0.13589636697633192
-0.08581893326291955,6.430411154155429,1.2262937047682534,-0.027148548354007488,-0.025374727584893675,-0.024179929857169224
0.00518931137131947,6.699730074726017,1.2170509192046846,-0.00018766304035742836,0.0015866956757443309,0.005280453960800463
-0.21109373736061735,1.429232091599264,1.3811748421261347,-0.06980843788616325,-0.06964280345014119,-0.07615188775760844
-0.02299459958223569,6.8628314994636455,1.2055397402656287,-0.03818602892248229,-0.036674934678978116,-0.054123469151326174
0.36151070127261015,7.087384035433043,1.1936780568794068,0.07088590734619456,0.0720386486574894,0.06173318812963379
-0.13647688076703446,6.107771237035325,1.237335181855248,-0.03975021235173583,-0.03800623298529156,-0.036564623255850255
0.0830204498868868,7.022367699068676,1.2030352503676205,0.008561326380636903,0.010200298763161739,0.006199078353505442
-0.42996607625652256,6.775470290547261,1.2295770127575625,-0.0826243476699904,-0.07985707920492133,-0.05601388888353007
0.49844967464457773,5.35310106713433,1.2644940587443942,0.19265881721812575,0.1940450402278103,0.24314468407936332
-0.37766243967518837,3.8710061483318094,1.2994982717393146,-0.15301957587847573,-0.1522714290093849,-0.18636258551386706
0.5663126935849407,7.147255414310596,1.1820127839665526,0.0973135824376648,0.09788680478728803,0.06959919632288752
0.1638545060574118,7.038315186705043,1.1997086616117356,0.023566519287608854,0.025027462893900766,0.017074254558745575
0.0759966068245999,6.581761903762224,1.2183633610327809,0.013571798261057672,0.01515341732825229,0.015795977945417664
-0.1485135008316178,6.5769683121680105,1.2264103132570032,-0.027967392935826587,-0.025876562485355657,-0.014159944457627385
-0.09029205084078962,4.620054015742632,1.2810673563426,-0.03438204115724241,-0.0332758366274383,-0.03644159056425326
-0.4791107325565768,4.9882003752588755,1.2655447763039755,-0.18463610350135934,-0.18343447904365706,-0.22124889829871974
0.49274180231321957,6.792258910798118,1.1991342831127632,0.09926787884216566,0.1000714634698248,0.08608502474593875
-0.2209992955669492,2.1245768918830445,1.33474903553983,-0.1826837689573202,-0.18355689045017132,-0.2658840141721503
-0.46674073732829424,6.866822334460166,1.2272195724488495,-0.09304413856478572,-0.09020486279847843,-0.06702565929987453
-0.2867563123541096,7.0975957120192,1.2152600278571235,-0.053054287670597104,-0.05046973714753858,-0.03154583154034003
0.2809954944103819,3.4215082187093078,1.3714278740095698,0.3260301103340191,0.3292889447298163,0.5083317968794634
0.2474867207956878,5.877966233531221,1.2367009707585421,0.05661835108727884,0.05770706895504958,0.0576061565726455
0.00589509380242529,5.682437313691367,1.2513646832372096,0.012394657212269674,0.013973440247353093,0.026098054426719114
-1.0125215342024037,4.652234196018229,1.272276120817919,-0.38206480451676333,-0.38091118306124916,-0.4603561255978007
-0.1501786017060839,1.3495400423375585,1.4640982855705165,0.3048880558690197,0.309120271085381,0.5495593893484912
-0.25755544875528075,3.5215727977021514,1.3149624902580461,-0.09178439002845326,-0.09097167709879604,-0.10418862304776762
-0.2186812817248253,6.075007934256954,1.2423758939393221,-0.04997069483515324,-0.04799250643057967,-0.03906768069616459
0.2172213620225388,3.346239976511623,1.3297664953709298,0.11079427487480004,0.11180431952086371,0.15406427031850714
-0.4069740061436257,4.976547038606842,1.268890899146364,-0.14698837092832998,-0.14567179641386382,-0.17033175836011807
-1.5601501512057259,2.011287248436618,1.345773039620109,-0.6046815813733828,-0.6045742836522376,-0.7406864295076949
-0.5712076707134766,7.222716748715322,1.2190011639760434,-0.11620306800624268,-0.11305212504758354,-0.08731981082923884
1.3705532128923024,5.001649482628915,1.2714844587752707,0.4718745401656973,0.47253177455472917,0.5596401519372562
-0.1946663558548473,1.1801627487397646,1.4729372977781097,0.3055788935315865,0.3099597801290536,0.5587134481478324
1.0673268927249535,7.237919247469241,1.1611272363416538,0.18802646597552874,0.18746686333893328,0.1331086492106037
1.6772495530884024,6.68636079427069,1.1754990308368982,0.3833564246573468,0.3821857505146906,0.35441789599081885
0.22381396398211378,6.455329028172477,1.220467354713952,0.05582964650593219,0.05720641655322324,0.06079916637700539
-1.1908705429546487,-1.187596717950357,1.4245448350851129,-0.5685451055790163,-0.5707186521832206,-0.7474949116300822
-0.10164695021264801,4.445782138717911,1.2809078911680158,-0.06269181721384012,-0.06192302052832989,-0.08257174550862634
-0.566205667734714,6.499706269961187,1.2366943703844848,-0.1351855807239912,-0.1325187310656721,-0.12079568380347352
-0.09183651855487804,6.8545424867027975,1.2108508452315994,-0.039340701650442955,-0.03754087189301886,-0.04362803945103897
-0.08139428839405678,3.7326191811504037,1.3101363172118665,-0.02439581267514981,-0.023508431791466278,-0.02146288907726852
-0.37992832153785566,6.98366234517659,1.2224123232705657,-0.06877268470219579,-0.06599640620788111,-0.04144185779894409
-0.006625801888903826,3.6397192116688464,1.3117100354717375,-0.004724415926360661,-0.0039701300324335685,-0.0016066677819858832
-0.007470707383751617,5.991515264127476,1.2322694094753908,-0.03404422575963378,-0.0328439880891902,-0.050269467396557056
0.012634135320006411,7.150196912647829,1.201695809982576,-0.00383001911168849,-0.001980955866998118,-0.0020633855129904817
-0.6070506937856167,6.180211076506358,1.2253686131055799,-0.24243826716412809,-0.24094579438428973,-0.2958084620698007
0.3510545435832007,6.063602630793336,1.2374906673917119,0.12058518215896143,0.12202181836086086,0.14764627135347724
-0.31767584388517,6.8555107996995694,1.2236373379065029,-0.0596927312245348,-0.057129179151136494,-0.03733469442260246
-0.14602648079949815,6.325534029725513,1.2342300275058808,-0.02698128884969062,-0.024973769600225442,-0.013042433109428663
0.50798079781708,7.233970916088788,1.1800057703248616,0.08047830705776671,0.0811427799636768,0.051584879643001666
-0.722127029291228,6.553706459830478,1.23845645486792,-0.1730578815215026,-0.170123354307667,-0.15691014145717033
0.3446482080616179,6.592371297303206,1.2149516499421373,0.09129821919225034,0.09259839926421096,0.09926202623431196
0.15436060459355652,6.306450576223628,1.2276235363366643,0.04342602588305082,0.04491641337212472,0.05222797187778559
-0.01941256105272456,5.3441320585711365,1.2610334270031849,0.00023262559203416993,0.0016691749380462046,0.009865017384845447
-1.4634404248062107,-1.2220500834735084,1.460783661293147,-0.5064155927405628,-0.5066698069825396,-0.592586017564558
-0.0825832986362971,6.0626988851186185,1.2391266039571167,-0.01969664779512652,-0.01797290994902406,-0.012259735923265545
-0.25946585395660265,6.582695134345997,1.229661050408878,-0.050587227398345556,-0.048266399117171094,-0.03251457698451191
0.2552637671947613,6.293448681722578,1.2261151350982387,0.06930570329934053,0.07064614045107279,0.07793839844913239
-1.1512583702306467,-2.107335221387477,1.4585175831052621,-0.5309476686160319,-0.5331653502202062,-0.6911663823067997
-0.45013671150810675,3.1246808558048365,1.3209359010803536,-0.18503182860444414,-0.18458407249974573,-0.22796745312688954
-0.16435288869312326,5.752665502141059,1.2475704098053504,-0.052582071413235267,-0.050982346269162135,-0.053478307210530845
0.07421162963672376,6.014941357172232,1.2690450249469076,0.15871510449678888,0.16180581579252168,0.2625368087523792
0.7502551289257147,7.549300010310045,1.1596799408854441,0.11634733548370019,0.1164613543700393,0.0688227182578779
1.2954357550852107,3.2708009004615266,1.338549791518105,0.505552852554247,0.5063582658376886,0.6297271433237326
0.7484988518441309,2.232890575399514,1.3816312494250174,0.36780540310008303,0.3690837718468773,0.4941908102137844
-2.1211717350159875,1.77267995685578,1.368320140849317,-0.7286367340604529,-0.7275671693930312,-0.8498904282211954
0.19852896407087586,6.870496085172804,1.2047324233016332,0.03458339982570308,0.03596311319278442,0.02944802037852586
1.1204041896839894,0.33592602035110275,1.423934799601049,0.4218006998666135,0.42142833559971404,0.5178167907221599
-0.8055116776744309,5.524559942611663,1.243272294620477,-0.3204548354239961,-0.3192101439846167,-0.3927504007761059
0.07995353677877705,5.867299908946548,1.2442425925867322,0.03141703088740972,0.032950856278775094,0.04509927739422934
-0.09784633395783845,6.517532141761435,1.2220521914490212,-0.038025231698463086,-0.036295753994453034,-0.04044955494375881
-0.41539970023640943,6.086898682674734,1.2432453180262635,-0.11137271617595057,-0.10923414606282787,-0.1078026561010608
-0.06831471171612553,6.828617702055615,1.215445905770229,-0.014662714967202357,-0.012688365183494879,-0.005958330555559724
3.107464848933138,3.0027264650695686,1.3429020550406445,1.1039243704097015,1.1035813269516526,1.3185039181870406
0.5644110309976476,7.4634394750421915,1.1699291728798933,0.08658959104686895,0.08715171815751703,0.05185467477252303
-0.09732009195818975,6.84501980261803,1.209754146986564,-0.0473272334780173,-0.04559928171476341,-0.05621212039915679
-0.2850650004474523,7.29236265387322,1.2085751953896837,-0.05534969805885442,-0.052734471569036684,-0.03566912382986562
0.8962735203728528,2.6261221571539637,1.348240225046374,0.32469260518730514,0.3249454087980831,0.39434341448021104
-0.4090364687383504,7.296782105924748,1.208332678092568,-0.09794184940367157,-0.09527194871780481,-0.0856093244711393
0.3255928780834879,6.911998609763615,1.2021226508521254,0.0719347443168589,0.073200362272683,0.06994179028709303
-0.6389912773256813,7.1416428768715505,1.226491312480667,-0.11732952022965666,-0.11391845268019173,-0.07699929030005702
0.05657677588705705,5.923428683784682,1.2421341707849027,0.021845523502355284,0.023390149972277646,0.03308876725491461
0.5379931708344899,6.514259913554605,1.21325310795298,0.13888135893098122,0.1398531289440665,0.14509488622665714
-0.040568509356086246,7.119127184456525,1.2045487008990141,-0.01359071944869217,-0.011629995444313914,-0.009034041024475099
4.560911402743181,3.348194405424933,1.3250270694344302,1.5662587721003736,1.5649760647096596,1.841266539963847
0.6542592739507401,4.218727167335997,1.2977561305560625,0.23736469637753005,0.2382033309177576,0.2904279939674371
-0.21442745723426598,6.618568011312014,1.2268288573598793,-0.04285522464365079,-0.04063191449651486,-0.027511658458318117
-0.24142716806736927,6.979668330921426,1.2142544042853505,-0.058146441501966704,-0.05586126703141789,-0.048455489340769826
-0.35304023085811637,5.015507913118532,1.2478503436787993,-0.2159281901911032,-0.215640274134705,-0.2972363964560764
0.03794245097632022,6.757779501000958,1.2147446432719489,0.008705815619481689,0.010457988369655028,0.014490552411058382
0.557968837118509,6.966667846480203,1.2007669738901565,0.1523849783582904,0.15357624064193548,0.1646220903448102
-0.426182182948083,6.607406518691118,1.2331610470121876,-0.08847258263347263,-0.08584617029151864,-0.06670978511169605
-0.7083275718994017,4.056059244344729,1.2912651222804525,-0.2763909806812478,-0.2755529954575853,-0.3360898755994308
0.9475317688921178,-0.26676914606315716,1.4981742440746226,0.6075694388030113,0.6099251052619743,0.8645514946836697
-0.13369623882829176,7.040318576953779,1.2110727918560245,-0.02727135953863833,-0.025083672648144987,-0.015459944224892615
-0.9392747432420065,3.4873564954618597,1.2967772385035228,-0.40811957795872394,-0.40798192485257584,-0.5183940516671207
-0.507823871294285,6.91397907141841,1.2283651802535893,-0.09553775014296859,-0.09252981556226614,-0.0638065262942455
-0.643637065358261,4.409394553379218,1.281863675829434,-0.2476216960857705,-0.2466175448704336,-0.29875625330024913
-0.17723364324952182,6.354554135137511,1.2315654106440495,-0.04535524027270657,-0.04341376247705295,-0.03860636922867086
0.5947532357580867,6.0575020240624795,1.2316089774072658,0.17668728626202618,0.17769565383403174,0.19887283516122806
1.4049009132041106,4.322963194034078,1.3031512662698121,0.5303873888925852,0.531347664350899,0.6525696421905373
-0.28546335050697874,4.751186597269665,1.2776667762521805,-0.09779588467821648,-0.0965198463144317,-0.10882429609980178
-1.3527779291599802,3.591990945818281,1.278623033096338,-0.614251868167484,-0.6146478994208555,-0.7938078238889436
0.18770194627753062,7.367404604584678,1.1876411143046894,0.02342186767391662,0.024885143515491537,0.01265324983494976
0.3095331603936659,6.683110398473129,1.2118473151010771,0.07807257862327598,0.07940453904091546,0.0831812241023356
-0.16230300028378122,6.628123591739439,1.2250600234252347,-0.03162306285769341,-0.02949667226466295,-0.017854436973109362
-0.7108822427802933,-0.9479146357560273,1.3414188366755977,-0.7385224334819133,-0.7447214916670218,-1.123141236822404
-0.8161335763503988,3.600308517599175,1.2529807689140011,-0.5435825754188075,-0.5455300839894044,-0.7708460652243649
0.3822147489667664,6.121316682043539,1.2311384573993638,0.1110898456422541,0.11229712094556542,0.12589398875592883
0.10837717055339761,0.4515494706774863,1.4284696983725305,0.11360893236110838,0.11416938834426825,0.17730500603062738
0.24499356157436775,6.713565774389309,1.209210618209924,0.0486902063391994,0.04997607100823201,0.04494342525273986
0.49251007976552624,6.860681058820572,1.1973294586250196,0.10057253651082579,0.1014151369846389,0.08837357284396176
0.7977156750580302,6.9225277994604335,1.1869350447372529,0.16697975231932233,0.16726426542943557,0.14600866290501374
2.0898664736796335,3.7934844820179467,1.3396343422267767,0.8515150437346803,0.8530039819185246,1.074089529618193
0.03680762716695949,5.578150212428518,1.2528315396863727,0.015141131334832431,0.016580216005191193,0.025125088061670114
-0.4161340297687227,7.021884662922136,1.2224414742641612,-0.07573877275580802,-0.07287049490886538,-0.04671012329898435
0.39027972964171453,7.008279795533277,1.1962265415378985,0.08109496155070473,0.0822127844383239,0.07384121620844285
0.1992264631696857,6.508417569080773,1.2197376450976813,0.05149862242799941,0.05295156381382067,0.05791236432405133
0.24686113958343364,6.8934919432922594,1.2016705167083037,0.04066909011717046,0.04191323499459555,0.031051385050052942
-0.07435808291810957,7.256008059453375,1.2005249245586735,-0.024123268817864574,-0.022089903203138396,-0.020758197969594255
-0.021207444008286173,6.000531287563537,1.2417631339017854,0.0042881961234026225,0.005998628678336197,0.017364361120706856
-0.015703383660733095,1.224629044282378,1.3903248082073485,0.00896423988475961,0.009113428278072502,0.022260897496803003
-0.1069233288562067,6.075252061165959,1.2407685028064273,-0.01903279150455906,-0.017189324377965085,-0.00672029505155023
0.12583862153542813,6.842517106985278,1.2078730681503513,0.019887786110494778,0.02140905072877129,0.017619661396974188
-0.5443662594275243,0.7939877737123329,1.3979069461894662,-0.19600983172698755,-0.19604908136824079,-0.2305693391804083
-0.29333912246895727,7.055159837240747,1.2143048947608883,-0.06527685322210605,-0.06281960240320676,-0.05114394995872346
-0.29456980424882945,7.244289167673599,1.2068396463648354,-0.07276726018679613,-0.07032875906680486,-0.06356930174144337
0.2988343790853548,6.965720702555009,1.199486819851839,0.05856553041440318,0.05981190683802316,0.05208843209048898
-0.4697603075199909,7.294878780554033,1.210422376640926,-0.10964158955388807,-0.10683957224445292,-0.09450127367883689
5.1761837607508285,4.160172238432476,1.259021545936221,1.5955736358117514,1.5921774058476155,1.780062078885584
0.4203497366450351,5.647307208260199,1.2534079871456814,0.15743547773555816,0.1588555404120672,0.19754856571734816
-0.32624890804529355,6.895873864882315,1.2230785983166623,-0.05956376681030106,-0.056947288994983775,-0.03554633422031253
-0.2696950695523267,6.774562443678778,1.2235881058378621,-0.054636310120726145,-0.05225338856242995,-0.03746159587586511
0.583734121620108,4.766325930896503,1.3009786074651333,0.3022039893002055,0.3042924682939634,0.4136195521118504
-0.3691613238368585,7.093234381572702,1.2183190043584236,-0.06819184029764447,-0.06541998302512357,-0.04235659857474038
-0.046269328533995735,7.337797271205089,1.1979916584900923,-0.014578326847492627,-0.012530990188450771,-0.009586457243081013
-1.4805047157477036,3.5651659181957633,1.3023635715418544,-0.5568544421239822,-0.5560252971061148,-0.6731560064672019
0.4748760779626459,5.619015818885117,1.2535305837442083,0.1726482465494922,0.1739944899854026,0.21351951860104285
0.4570955898306181,7.143285789405535,1.187392606604187,0.08332980801613149,0.08422266914494936,0.06560270578207125
0.21737709730064403,7.089019422619665,1.1959682704994574,0.032206776358126896,0.03354813767177714,0.02209131957539342
-0.04581467043973757,7.113429427231879,1.2052186974615438,-0.013201993089814679,-0.011215402815865683,-0.007426252907907042
-0.16989546118089918,6.764202610044472,1.2191319984058686,-0.04174126700810472,-0.039653720159807324,-0.03361680512297954
-0.37451138734847933,7.273400030661055,1.2118691957663386,-0.07383577632648633,-0.07104590789219364,-0.05090218766161573
-0.4058790293212491,6.917929885587995,1.2252630074285837,-0.07400627423794831,-0.07119788607960192,-0.04566684878719821
-1.312117774565131,5.023710200079296,1.2501733674763622,-0.5304982488024764,-0.5296221187371083,-0.658218405663143
-2.604441106494158,0.8292424223346506,1.3864075288277775,-0.9418463925720202,-0.9414330979009136,-1.1251538356671469
0.015373373574864986,6.146321993540654,1.22784222044221,-0.024663877133518274,-0.023404023981095135,-0.038396688192662023
0.5758603868784838,6.951639097705771,1.1915360375324313,0.11580126495176302,0.11648228671293961,0.09920541558456078
0.8232580915394367,7.100408499232,1.1816626530557022,0.17670270220223455,0.17704655563874303,0.15798515897783008
0.8135691885862549,7.63698221754256,1.1544982863577802,0.1270127459254881,0.12699971198298088,0.07552491616711356
-0.06931042867529406,3.9619559517809324,1.3015532989822594,-0.0268004170143083,-0.02591814795395134,-0.027638069769439947
-0.30770878176735633,6.676869198971085,1.2284715921519658,-0.05938049240069748,-0.05691697740420586,-0.03868505464012901
-0.04013270447246811,7.303760960368053,1.1984050544427667,-0.015312528465198767,-0.013312264414899022,-0.01195963005301421
0.7259336282991934,7.250223316763729,1.1755247572931684,0.13704069642599515,0.13740375214214604,0.10826361683450866
0.8678591479614782,3.4743180537237714,1.3905875275574886,0.6169531242654025,0.6210174874190891,0.8965290145066658
0.09997677907308136,7.154137044353465,1.1972065396200149,0.006634828664840914,0.008220164119648444,-8.752912349861697e-05
-0.11736731590955161,6.518600615418021,1.2273645841476664,-0.021139013847127967,-0.019126086909499095,-0.00821852974749276
0.07998184863496954,3.1571717551056633,1.3893715006089067,0.30064978778944196,0.30441542870808214,0.5014720289006331
-0.8011242414911547,4.659483811305838,1.2738455154750183,-0.302335633204471,-0.3011876363294786,-0.36312420402361967
-0.7311704391916415,7.23714429485188,1.2270526010476583,-0.13316893356189632,-0.12950216225620417,-0.08719063067843663
-0.5780598196318919,6.451235536124342,1.2376296247483447,-0.14170428777465224,-0.1390769829646254,-0.1297488844847694
-0.2129805257235833,-2.253400731764846,1.500944592182012,-0.045336704357836884,-0.046104801744010104,-0.035805902692668916
-0.34554661526993957,6.986045414205339,1.2205569136074688,-0.06492816524075873,-0.06225862447060565,-0.04113086256915425
-0.44447449464848626,7.1075829365936825,1.2209187627463112,-0.08039024193707114,-0.07742203444078369,-0.04944814208386957
0.0374123679797511,5.974747878023825,1.2405894273485931,0.015530135541467031,0.017103215740225244,0.025847258293446855
-0.5492399815089312,6.942091295714105,1.2286833662616625,-0.10438047092880604,-0.10128267712465051,-0.0713252023593687
0.5215689000793992,7.371058286118392,1.1779866407657225,0.09489384219597902,0.09571165655942315,0.07368245914572936
-0.44356934009996773,7.000723090543546,1.2240869371116276,-0.08070566592686046,-0.07778074596672205,-0.05019398214383423
-0.033066181424048255,6.707120564788105,1.215855386642001,-0.017440541716337094,-0.015695156283146185,-0.017111754722120107
-0.9201089975544523,5.308752918565114,1.2557774113672404,-0.3337850890528312,-0.3322599003787115,-0.3947534832047744
0.5545290019458049,6.225950664323841,1.2310288550180708,0.1834219821519194,0.1847430722766286,0.217671555247697
1.4954226801509438,0.48000579571820534,1.5351326388854194,1.0581348445370737,1.0635587749362736,1.5314034295467425
-0.2712953475395619,6.838482721043304,1.2221283860881635,-0.05289178299853056,-0.050460161604285514,-0.03417972822565453
-0.011985221666299055,6.939983994046314,1.2079505425364032,-0.013323271455518575,-0.01154573569139455,-0.013830515412284309
0.835124296166413,4.738425544995734,1.2954757501859033,0.35961576111744076,0.3612498874320513,0.46567017671951
2.283149331459892,3.1982037366883733,1.340464158081072,0.839722405811791,0.8400195191127912,1.018806014288301
0.44864958917247455,6.85515600182932,1.2002803233925627,0.09789871747115747,0.0989026276531781,0.0917665381002127
-0.0648464219296453,6.429592902605149,1.213351197641209,-0.07707934816718569,-0.07598009387181849,-0.11283068098494622
-0.33904891248046864,6.722478810338226,1.2277566106605475,-0.06696057923880218,-0.06443130544921113,-0.04587432675038052
-0.4732581241058798,5.602114594176065,1.2444217222073495,-0.1919236196302615,-0.1906282219810751,-0.23442894773979894
0.3779167036127568,7.338637384078016,1.1808097237944981,0.05408173351431699,0.05504985163953045,0.030313949383830315
-0.12995461212018974,-0.030782726253203663,1.4333647729239694,-0.011573522577748796,-0.011575686256071967,0.007499420031448218
-0.4904976539608155,6.793369590909128,1.2298985180091497,-0.09933999345804648,-0.09649326703054423,-0.07345632495276173
0.7068984178520514,6.273566627609773,1.2200039538763006,0.19317971210810236,0.19395535058139837,0.2066938003916053
-1.577162453574028,5.0475440601421155,1.261844880217888,-0.5659625851613288,-0.5643174175238882,-0.6705009166081315
0.9277266446019089,1.287084745410584,1.3995667075184706,0.3787310260766983,0.37902756606338994,0.4799088943849951
-0.41399512019338003,5.799967043473718,1.2361463013541467,-0.18123328292458302,-0.18000999501751372,-0.22690371881569665
-0.026807705514387454,7.315385216921464,1.197277869778119,-0.01415988091867233,-0.012201346749738027,-0.012407781218650157
-0.7219291501750714,3.0045839566565933,1.312662408637332,-0.33016041015219294,-0.33023861353357675,-0.4254575788058256
1.995916194890352,0.21987158116859096,1.5321980579192913,1.1798473404692111,1.1843848271267308,1.6475380760222353
-1.7211122418117801,4.278162328995778,1.281964312145976,-0.6312053700952625,-0.6299386034781955,-0.755650797346414
-3.3288608689590085,-0.8941887407699225,1.4633932959689153,-1.0841507707394904,-1.0827598155746527,-1.2366024534429685
0.7350580508203056,4.809928099219514,1.300670784362622,0.3582137944348281,0.3602986743739549,0.48143166942664767
0.037386642144166315,0.9711509514463295,1.3452133396796655,-0.20602577107508122,-0.2086995506931601,-0.35281943769941626
0.3059564512765814,6.918553709141408,1.1998048914397474,0.05595734416598626,0.0571260870809516,0.04634652043709093
0.6070785841052737,7.494469233716808,1.1664036491842176,0.0898053276823728,0.09022623747246343,0.049609567768031944
-0.24105377170383355,6.665157597435106,1.2269573736190669,-0.044988608807939735,-0.042656672306178575,-0.02629745932093561
0.28681234634073616,7.485715297010158,1.179817000237191,0.038798804446717995,0.04004153014791613,0.020895943157504804
1.0853407027193798,4.775730983206285,1.2838390252508296,0.39852628582905797,0.3995175566958311,0.4865196598144557
-0.23880393656602236,3.3545642777705575,1.3176966991057344,-0.09614176251884703,-0.09551849512480384,-0.11505977708625713
0.13640072027518851,7.02731306529318,1.2008770210402668,0.017878647032638084,0.019391304602618273,0.012372852482301997
-0.35254262745353543,6.570585097731403,1.2325594576780226,-0.07111368301092837,-0.06862360650095578,-0.05055503345109506
0.6728114793414375,4.338863095717079,1.297413951084993,0.25853544019854474,0.259578436647426,0.32309974813747383
0.589816610282479,6.536475430343319,1.2139028309455762,0.1623779821343173,0.1634011915357473,0.17565468332015519
0.06708498944123101,4.195925353672633,1.2928696525916574,0.013226491083875507,0.014048613299479333,0.015796286883862202
0.407758066209653,7.1966951492499325,1.1846320442135472,0.06169647392650775,0.06257377807465586,0.03779198352336497
-0.4794063412473351,6.253989657511945,1.2406411863102478,-0.12181015124941125,-0.11945391651604229,-0.1138824983467222
-0.33541020789770165,5.46750992518668,1.2538588717115604,-0.12190184251943179,-0.12044657301031084,-0.1404417085943609
-1.554467904511938,3.438965888351948,1.3083989007882453,-0.5726316475232894,-0.5717006339521702,-0.6866342955087845
0.411277092190375,7.284514075090286,1.1811208837882414,0.059411312828147725,0.0602756815941608,0.03330927822363304
0.8664767737489151,5.956459818101624,1.2342434009164707,0.26684438368223834,0.26766524566228,0.3028599241522151
0.2622169632616255,5.9478346534060185,1.2397469021489496,0.08454736951470491,0.08591932344991994,0.1024333612537221
0.051504721766789774,5.802527988300438,1.2471936012507143,0.025906868405123917,0.027480968718120596,0.04085687194435748
-0.3695997127482848,0.5874353447135015,1.3964726428071543,-0.17108108856935902,-0.17167303695008979,-0.21992843035627027
-0.011563340200521327,6.578841112483447,1.222401243801392,0.0011859504354351474,0.0030102313868133807,0.010595281731214549
-0.782718953262929,4.699458561938397,1.2733735977231893,-0.2927099279596042,-0.29151805812918047,-0.35008035938846954
-0.1590748732790414,7.0992693997037835,1.2099058994878278,-0.032995889008830284,-0.030742799051724053,-0.020569190333257038
-0.16258892801541328,7.219341308579349,1.2064916996595993,-0.032848977171510065,-0.03053860323469593,-0.019631799040137957
-0.023133314562241315,7.31950739917033,1.1969361944226302,-0.01385284723316358,-0.011905640565252751,-0.01254933769502245
-1.6365887805180377,3.1626794899227444,1.3171395361523281,-0.5997314145915144,-0.5988442451570791,-0.7179424254686788
0.239885777499483,7.129692673101859,1.192946371859407,0.03210234133044122,0.03335633424388598,0.017856965466070306
0.45487250765211085,6.25746141097795,1.2272879184461822,0.1373916127354331,0.13862866348912103,0.1574986526983217
0.08790458506464575,1.2574579916882547,1.4007987189138031,0.09473010417710138,0.09542994606573484,0.1492740527768945
0.2424408018422688,7.291218063422702,1.196275200584124,0.06962967335151894,0.07136313615229517,0.08123915955373535
0.5337841915645684,7.325578546671903,1.1761143660482922,0.08460898549922707,0.08523778049529657,0.05397333884196512
-0.42207433446760656,7.003177632801358,1.2229237796583636,-0.07818464304953072,-0.07532476481544069,-0.04979949060436641
-0.5130477316590272,5.7552941429249875,1.2327924093128753,-0.23573769862243593,-0.2347251808727889,-0.30161977614348057
-0.09058962708137615,6.526715439657545,1.2264720343032183,-0.014860825561965184,-0.012890706146174756,-0.00239278377626661
0.16823058322121914,6.5830631860990305,1.2173106120188546,0.04045961229633138,0.0419461865777863,0.044795052689329914
0.31273127563426223,5.550324176431598,1.2542578001221338,0.11138747957608883,0.11271575236162391,0.13873166772659326
-0.5091127776270209,7.0957777074820445,1.2160452359033649,-0.1254072610068516,-0.12268084292236607,-0.1142563023060068
0.4040133605021895,7.284323866729923,1.1838396749590485,0.06887954411110057,0.06988627297748944,0.05071466116367339
0.35926454345348396,5.3122850198692735,1.257760049479713,0.11017011147778136,0.1111987716486302,0.12813733893260093
0.1526594896280866,6.969988666150187,1.2031390978188121,0.025544485814756927,0.027055284213041077,0.022432739571699563
0.6180939976990436,6.686206174186866,1.20374113041162,0.14768147827406283,0.14845819374250319,0.14562475745861314
0.36925814571530735,4.1013387456620745,1.311602267194355,0.18544142705825037,0.18689879591510525,0.25372625932432413
-0.375794380200269,6.6973844332684305,1.2242910493795787,-0.09811528660746396,-0.09579437154794142,-0.09217908019924698
0.193327526991549,4.7832551035218795,1.2776133472722957,0.06903964012701996,0.07014814185381534,0.08804807845051649
-0.7102765270516944,6.427294937298556,1.2409975419400312,-0.17507752931508758,-0.17226113169482163,-0.1625418558594751
0.45429446378789956,3.0522408794853524,1.3413440250134747,0.20222968315577958,0.2031563020849796,0.2664129673835309
-0.09127929627911803,6.108415616625694,1.237932062102517,-0.021677348870171986,-0.019922921848076067,-0.01403205828708455
0.08209612157095666,6.692270358860686,1.215253921565716,0.01702317183540014,0.01865478121334646,0.020604790110084623
0.846921260617541,-1.268122701844658,1.5304142813427613,0.5787708922828918,0.5809032463359104,0.8333914642519008
-0.7199029409883311,6.616320687781586,1.2379440713609249,-0.16602355540556607,-0.1629961095633905,-0.1453314310452026
0.4571686988619608,6.04424786567309,1.2339489552845662,0.13842345534752162,0.13959130776929046,0.158744872251888
-0.2362065606301177,6.928130869043975,1.2179404330269636,-0.0471776167515011,-0.044805018643067795,-0.030781855723881545
0.48270474608184183,7.344074403687647,1.1761549337638626,0.06995051044020034,0.07064104665785179,0.038316226198326
-0.6460714295782043,5.100466610023343,1.253225137883846,-0.2802778344197531,-0.2794128854198877,-0.3535153728728367
0.6671363281611019,5.897745980509166,1.238656060997665,0.21051941815501077,0.21154786842981066,0.2431973292000809
-0.32062874900965543,5.1608958567551335,1.2531912528646967,-0.16160137379180103,-0.16077600394275232,-0.21071593402282265
0.2456411986846375,6.8455006976337955,1.2039132961069048,0.04358240464684262,0.04484988550754329,0.03620255845073166
-0.06665860212020257,6.072420040412704,1.2401158399764243,-0.008607843475248832,-0.006822288694792254,0.003706558546785013
-0.23312644879841768,6.707933247591349,1.2254469203820764,-0.04311124903946811,-0.04077831479390713,-0.02452356410064913
-0.16008548193846717,7.364492172114472,1.1983904195282848,-0.04786229941317611,-0.04568946610625857,-0.04553668710521179
-0.42295455822840056,6.739829428413463,1.229905688543285,-0.08365267599855651,-0.08094031501492026,-0.05904596785610839
-0.4101920902924684,6.87947460504242,1.226462970328996,-0.0754328125620651,-0.07263474300183144,-0.047326973307859996
-0.3825407194587029,6.757030588379351,1.228681110967038,-0.07296334027174595,-0.07029979863836222,-0.048188181138603826
-0.5783918071545131,5.010786552540005,1.2639068736411192,-0.22250193783760425,-0.2212939215439143,-0.2676185056147506
0.22334976927997915,6.811119912618901,1.2068471008755006,0.04423058843018747,0.045592903387412786,0.041324358440059585
-0.4627807675979678,7.109866695051857,1.2215318606028442,-0.0836021762827807,-0.08058951806728207,-0.0515919566506786
-0.04773939975016492,7.246843781129511,1.2009555026107372,-0.014432225816477379,-0.01240698145841633,-0.009111178930454777
-2.570280950054454,2.9485876443985393,1.3106757256213428,-0.9746305499429501,-0.974044152540419,-1.1861403988114583
-0.46636112961623194,4.170226307912263,1.282210402397343,-0.21844867280930735,-0.21796978301619918,-0.2813707282423713
0.23316086206231235,6.726341670761327,1.209859716606943,0.04926634615305432,0.05061559043038043,0.048069903697948634
0.048511498117756124,6.633362330774736,1.2180353983103207,0.00982098122948027,0.011497866982151574,0.014419064355514731
-0.635476018466049,7.148315557239767,1.2265176349440265,-0.11510982009696237,-0.11168625426428319,-0.07386049451196049
-0.30764722359773905,6.88492384587593,1.2217683779618753,-0.060499762347725694,-0.05798022984071445,-0.040508853029320585
-0.7628598775850173,6.404607818981298,1.2375631085579872,-0.21114916875654935,-0.20852742496938012,-0.21433471274043728
-0.43387468468730156,6.927589200543371,1.2239337012322495,-0.08805210678329725,-0.08528004012700773,-0.06446508267274134
0.2025654773627475,5.828511011579175,1.244911287626013,0.07073851511605134,0.07217415309206716,0.08971250727820253
0.4182667667860946,7.1932863512299665,1.190911048228544,0.09243009002914009,0.09361757104782244,0.08811805962614247
-0.5728421380890707,6.060312223859661,1.245155313471274,-0.16009336228708035,-0.15783354606504563,-0.1621124812922091
-0.4818833117706712,0.29415333644818276,1.5481665215819627,0.41823684622797536,0.42490656375556934,0.8017772094283435
-0.3196944090015099,6.974284122821621,1.2198870623440914,-0.06069330743037001,-0.05809288983017635,-0.038618644923817905
2.225473397439973,2.9934881565882883,1.3465207349283743,0.8188733317304614,0.8191149496395158,0.9937264494596427
-0.517869408067528,6.845371965245714,1.230056286066679,-0.10086033481460774,-0.09789273824494174,-0.07106303803955237
0.5994705686201239,7.36725580262574,1.1736834004697485,0.10191386796435044,0.10246708301686178,0.07150967768512635
0.286618836892807,7.195765323598644,1.1889355874582024,0.0393400932491606,0.0404933687332768,0.021726168097995414
0.08593519669318243,6.160844855905229,1.2342145828751323,0.029331170685425904,0.03091201993474673,0.040597970514421704
0.1817404066717976,6.7750391660440155,1.209520179633979,0.036935403863057686,0.038385064741034064,0.03644299436887045
0.19278733250173827,5.856036110388007,1.237406576844704,0.03814667699207516,0.03925530035283481,0.036106636044798815
